  0.39877 -77.06573  4.79  1.26  4.06  3.37
  0.49008  -6.01407  4.40  1.58  3.49  2.63
  0.93496 -17.33599  4.55 -0.04  4.56  4.55
  1.12549 -10.50952  4.94  1.63  4.01  3.12
  1.33392  -5.70762  4.62  1.04  4.02  3.44
  2.09691  29.09043  2.06 -0.04  2.07  2.06
  2.29452  59.14978  2.28  0.38  2.05  1.82
  2.35267 -45.74743  3.88  1.02  3.29  2.72
  2.81607 -15.46798  4.90  0.49  4.61  4.32
  3.30897  15.18360  2.83 -0.23  2.94  3.03
  3.65069  20.20670  4.80  1.54  3.91  3.07
  3.66007 -18.93287  4.46  1.63  3.52  2.64
  4.27291  38.68164  4.62  0.06  4.57  4.51
  4.58190  36.78522  4.51  0.07  4.45  4.39
  4.85698  -8.82392  3.55  1.21  2.85  2.18
  5.01775 -64.87479  4.23  0.58  3.89  3.56
  6.43780 -77.25424  2.82  0.62  2.45  2.10
  6.55084 -43.67983  3.95  0.18  3.83  3.71
  6.57105 -42.30598  2.40  1.09  1.77  1.16
  6.98208 -33.00717  4.87  1.60  3.95  3.08
  7.85409 -48.80351  4.76  0.02  4.73  4.69
  7.88611 -62.95822  4.34 -0.05  4.35  4.35
  7.88945 -62.96556  4.51  0.14  4.41  4.31
  7.94316  54.52229  4.74 -0.09  4.77  4.79
  8.24997  62.93178  4.19  0.09  4.12  4.05
  9.22021  33.71935  4.35 -0.12  4.40  4.43
  9.24285  53.89691  3.68 -0.19  3.77  3.84
  9.63894  29.31175  4.35  0.86  3.85  3.37
  9.83198  30.86102  3.27  1.28  2.53  1.83
 10.12684  56.53733  2.25  1.17  1.57  0.92
 10.33147 -46.08501  4.60  0.96  4.04  3.51
 10.51623  50.51253  4.81 -0.12  4.86  4.90
 10.83849 -57.46306  4.37  0.00  4.35  4.33
 10.86696  47.02455  4.96  0.17  4.84  4.72
 10.89738 -17.98660  2.05  1.03  1.45  0.88
 11.04751 -10.60955  4.77  1.01  4.18  3.62
 11.18132  48.28436  4.48 -0.05  4.49  4.49
 11.83469  24.26718  4.09  1.10  3.45  2.85
 12.17060   7.58508  4.42  1.49  3.56  2.75
 12.20842  50.96817  4.91 -0.09  4.94  4.97
 12.27621  57.81519  3.45  0.57  3.11  2.78
 12.45353  41.07891  4.54 -0.14  4.60  4.65
 13.25206  -1.14426  4.76  1.56  3.86  3.01
 13.26749  61.12397  4.80  0.56  4.47  4.15
 13.75065  58.97270  4.82  1.22  4.11  3.44
 14.16627  59.18106  4.63  0.95  4.07  3.54
 14.17722  60.71674  2.18 -0.05  2.19  2.19
 14.18838  38.49934  3.87  0.14  3.77  3.67
 14.30167  23.41765  4.40  0.95  3.85  3.32
 14.65150 -29.35745  4.31 -0.14  4.37  4.42
 15.73587   7.89014  4.28  0.96  3.72  3.19
 16.52103 -46.71841  3.32  0.89  2.80  2.30
 17.09617 -55.24576  3.98 -0.09  4.01  4.03
 17.14746 -10.18226  3.46  1.16  2.79  2.14
 17.18699  86.25709  4.24  1.23  3.53  2.85
 17.37552  47.24179  4.26 -0.06  4.27  4.28
 17.43302  35.62056  2.08  1.59  1.17  0.30
 17.77567  55.14990  4.34  0.18  4.22  4.10
 17.86342  21.03465  4.66  1.02  4.07  3.50
 17.91515  30.08964  4.52  1.09  3.89  3.28
 18.43728  24.58371  4.67  1.04  4.06  3.48
 18.79634 -45.53167  4.97  0.57  4.63  4.30
 18.94234 -68.87593  4.25  0.48  3.96  3.68
 19.86665  27.26406  4.75  0.05  4.70  4.65
 20.02048  58.23161  5.00  0.62  4.63  4.27
 20.58508  45.52878  4.87  1.08  4.24  3.65
 21.00585  -8.18326  3.61  1.06  3.00  2.41
 21.40515 -14.59880  4.91  1.23  4.20  3.52
 21.45397  60.23528  2.68  0.16  2.57  2.46
 21.48342  68.13001  4.72  1.05  4.11  3.53
 21.91409  45.40669  4.83  0.44  4.57  4.31
 22.09136 -43.31823  3.44  1.55  2.55  1.70
 22.54631   6.14382  4.84  1.37  4.05  3.30
 22.81294 -49.07270  3.94  0.98  3.37  2.83
 22.87087  15.34582  3.63  0.97  3.07  2.53
 23.48282  59.23204  4.69  0.99  4.11  3.56
 24.19934  41.40546  4.10  0.54  3.78  3.46
 24.42853 -57.23676  0.54 -0.06  0.55  0.56
 24.49815  48.62821  3.59  1.28  2.85  2.15
 25.14507  40.57705  4.97 -0.09  5.00  5.03
 25.35789   5.48761  4.44  1.36  3.66  2.91
 25.44643  42.61337  4.96  0.62  4.59  4.24
 25.68129  -3.69020  4.99  1.38  4.19  3.44
 25.91516  50.68873  4.04 -0.10  4.08  4.10
 26.01701 -15.93748  3.49  0.73  3.06  2.65
 26.34846   9.15774  4.27  0.95  3.71  3.18
 27.39626 -10.68641  4.66  0.35  4.45  4.23
 27.86514 -10.33504  3.73  1.13  3.08  2.45
 28.27045  29.57883  3.42  0.49  3.12  2.84
 28.38256  19.29385  3.88 -0.05  3.89  3.89
 28.38259  19.29595  4.64 -0.02  4.63  4.62
 28.38896   3.18754  4.62  0.94  4.07  3.55
 28.41142 -46.30267  4.43  1.52  3.56  2.73
 28.59886  63.67010  3.35 -0.13  3.40  3.44
 28.66004  20.80803  2.66  0.16  2.55  2.44
 28.73388 -67.64730  4.69  0.93  4.15  3.63
 28.98947 -51.60889  3.72  0.85  3.22  2.75
 29.00011  68.68524  4.98 -0.09  5.01  5.03
 29.16749 -22.52678  4.90  1.43  4.07  3.29
 29.29200 -47.38528  4.84  0.86  4.34  3.86
 29.48215  23.59606  4.77  0.30  4.58  4.40
 29.69247 -61.56986  2.86  0.31  2.67  2.48
 30.00128 -21.07783  4.00  1.57  3.10  2.24
 30.48939  70.90702  4.52  0.16  4.41  4.30
 30.51124   2.76379  3.82  0.02  3.79  3.75
 30.51175   2.76376  3.82  0.02  3.79  3.75
 30.57545  54.48754  5.00 -0.07  5.02  5.03
 30.85877  72.42130  3.95  0.02  3.92  3.88
 30.97480  42.32972  2.17  1.40  1.36  0.60
 30.97800  42.33095  4.84  0.03  4.80  4.76
 31.12266 -29.29682  4.70 -0.15  4.76  4.82
 31.79336  23.46242  2.02  1.16  1.35  0.71
 32.12192  37.85908  4.79  0.12  4.70  4.61
 32.35557  25.93989  4.98  0.35  4.76  4.55
 32.38594  34.98730  3.02  0.16  2.91  2.80
 33.24998   8.84672  4.37  0.88  3.85  3.36
 33.30552  44.23165  4.83  1.49  3.98  3.16
 34.12744 -51.51217  3.55 -0.10  3.59  3.61
 34.26346  34.22423  4.87  0.60  4.51  4.17
 34.32861  33.84719  4.01  0.03  3.98  3.94
 34.83664  -2.97764  4.95  1.55  4.06  3.21
 35.43726 -68.65942  4.08  0.04  4.04  3.99
 36.40593  50.27863  4.72  1.54  3.83  2.99
 36.48752 -12.29048  4.88 -0.03  4.88  4.86
 36.74634 -47.70384  4.25 -0.13  4.30  4.35
 37.03976   8.46005  4.28 -0.04  4.28  4.28
 37.26644  67.40247  4.63  0.12  4.54  4.45
 37.95451  89.26411  2.00  0.62  1.63  1.28
 38.02179 -15.24468  4.74  0.45  4.47  4.20
 38.46127 -28.23234  4.97 -0.05  4.98  4.98
 38.96864   5.59325  4.88  0.88  4.37  3.88
 39.87065   0.32851  4.07 -0.21  4.17  4.25
 39.89098 -11.87216  4.83  0.44  4.56  4.30
 39.89734 -68.26694  4.11 -0.05  4.12  4.12
 39.94997 -42.89167  4.74  0.06  4.69  4.63
 40.16681 -39.85538  4.12  1.00  3.54  2.98
 40.56215  40.19394  4.90  0.58  4.55  4.22
 40.82516   3.23582  3.47  0.09  3.40  3.32
 40.86297  27.70715  4.65 -0.13  4.70  4.74
 41.03062 -13.85870  4.25 -0.12  4.30  4.33
 41.04994  49.22845  4.11  0.50  3.81  3.52
 41.23559  10.11415  4.27  0.31  4.08  3.88
 41.27577 -18.57256  4.47  0.48  4.18  3.90
 41.38598 -67.61662  4.84  0.06  4.79  4.72
 41.97725  29.24712  4.52  1.11  3.88  3.26
 42.27258 -32.40590  4.46  0.97  3.89  3.35
 42.49597  27.26051  3.62 -0.09  3.65  3.68
 42.61858 -75.06695  4.74  1.34  3.97  3.24
 42.64608  38.31865  4.22  0.36  4.00  3.78
 42.67421  55.89550  3.76  1.65  2.81  1.91
 42.75967 -21.00402  4.77  0.91  4.24  3.73
 42.87849  35.05974  4.55  1.56  3.65  2.80
 43.56442  52.76248  3.94  0.74  3.50  3.08
 44.10687  -8.89814  3.90  1.09  3.27  2.67
 44.56531 -40.30467  3.22  0.16  3.11  3.00
 44.56834 -40.30470  4.31  0.09  4.24  4.17
 44.69029  39.66273  4.69  0.07  4.63  4.57
 44.69915 -64.07128  4.98  0.13  4.89  4.79
 44.76532  35.18313  4.94  1.23  4.23  3.55
 44.80282  21.34007  4.63  0.05  4.58  4.53
 44.80302  21.34043  4.63  0.05  4.58  4.53
 44.92876   8.90736  4.71 -0.11  4.75  4.78
 45.56989   4.08973  2.55  1.63  1.62  0.73
 45.59792 -23.62447  4.09  0.17  3.98  3.86
 46.19913  53.50644  2.94  0.70  2.53  2.13
 46.29414  38.84027  3.41  1.50  2.55  1.73
 46.38505  56.70572  4.77  1.02  4.17  3.61
 47.04221  40.95565  2.11 -0.01  2.09  2.07
 47.26675  49.61328  4.05  0.60  3.69  3.35
 47.37405  44.85754  3.79  0.98  3.22  2.67
 47.82242  39.61158  4.61  1.12  3.96  3.34
 47.90736  19.72668  4.35  1.03  3.75  3.18
 47.98446  74.39366  4.84  0.05  4.79  4.74
 48.01886 -28.98762  3.80  0.54  3.48  3.16
 48.72540  21.04444  4.88 -0.01  4.87  4.84
 48.95844  -8.81973  4.81  0.23  4.66  4.51
 49.59212 -22.51112  4.87  0.90  4.34  3.84
 49.68260  34.22265  4.82  1.46  3.98  3.18
 49.84040   3.37020  4.85  0.67  4.45  4.07
 49.87917 -21.75786  3.74  1.55  2.85  2.00
 49.98188 -43.06978  4.26  0.71  3.84  3.44
 49.99697  65.65229  4.74 -0.11  4.78  4.82
 50.08484  29.04846  4.46  1.57  3.56  2.70
 50.36066  43.32965  4.95  0.07  4.89  4.83
 51.08071  49.86118  1.81  0.51  1.50  1.21
 51.20331   9.02887  3.61  0.89  3.09  2.59
 51.79230   9.73268  3.73 -0.07  3.75  3.76
 52.01279  49.06287  4.99 -0.10  5.03  5.05
 52.26722  59.94033  4.26  0.37  4.03  3.81
 52.34188  49.50895  4.69 -0.10  4.73  4.76
 52.34449 -62.93753  4.71  0.40  4.47  4.23
 52.47810  58.87875  4.60  0.49  4.31  4.02
 52.64368  47.99522  4.34  1.38  3.55  2.79
 52.65441  -5.07515  4.74 -0.09  4.77  4.79
 52.71824  12.93668  4.13  1.11  3.49  2.87
 53.23269  -9.45826  3.73  0.89  3.21  2.71
 53.44698 -21.63288  4.27 -0.10  4.30  4.33
 54.12241  48.19263  4.32 -0.06  4.33  4.34
 54.21826   0.40166  4.30  0.57  3.96  3.63
 54.27367 -40.27454  4.59  1.02  4.00  3.43
 55.56210 -31.93836  4.98 -0.15  5.05  5.10
 55.59436  33.96503  4.98 -0.05  4.99  4.99
 55.70856 -37.31352  4.59  1.19  3.90  3.25
 55.73126  47.78755  3.02 -0.11  3.06  3.09
 55.81209  -9.76339  3.53  0.93  2.99  2.47
 56.04991 -64.80690  3.84  1.13  3.18  2.56
 56.07972  32.28825  3.86  0.01  3.83  3.80
 56.21891  24.11334  3.71 -0.10  3.75  3.77
 56.29847  42.57855  3.78  0.44  3.51  3.25
 56.30206  24.46728  4.30 -0.10  4.33  4.36
 56.45670  24.36775  3.88 -0.06  3.90  3.90
 56.50972  63.34505  4.81  0.75  4.37  3.95
 56.53556 -12.10159  4.43  1.61  3.51  2.63
 56.58156  23.94836  4.17 -0.05  4.18  4.18
 56.71203 -23.24972  4.22  0.43  3.96  3.71
 56.80975 -74.23896  3.26  1.59  2.35  1.48
 56.87115  24.10514  2.87 -0.09  2.90  2.92
 57.14949 -37.62016  4.75 -0.02  4.74  4.73
 57.29060  24.05342  3.63 -0.08  3.65  3.67
 57.36352 -36.20025  4.17  0.94  3.62  3.10
 57.38034  65.52597  4.42  1.86  3.36  2.35
 57.58962  71.33227  4.62  0.05  4.57  4.52
 58.42793 -24.61223  4.64 -0.12  4.69  4.73
 58.53300  31.88364  2.88  0.08  2.81  2.74
 58.57293  -2.95473  4.72  0.91  4.19  3.68
 59.35602  63.07227  4.95 -0.06  4.96  4.97
 59.46346  40.01022  2.91 -0.17  2.99  3.05
 59.50736 -13.50852  2.96  1.59  2.05  1.18
 59.68645 -61.40018  4.56  1.60  3.64  2.76
 59.74125  35.79103  4.05 -0.02  4.04  4.03
 59.98118 -24.01621  4.63 -0.11  4.67  4.71
 60.17007  12.49035  3.42 -0.10  3.46  3.49
 60.22420 -62.15928  4.51  1.57  3.61  2.76
 60.32563 -61.07882  4.96  1.41  4.15  3.37
 60.78908   5.98931  3.90  0.04  3.86  3.81
 61.17382  22.08193  4.35  1.07  3.73  3.13
 61.64602  50.35126  4.28  0.00  4.26  4.24
 62.16538  47.71251  4.01 -0.04  4.01  4.01
 62.71078 -41.99358  4.93  0.34  4.72  4.52
 62.96642  -6.83758  4.04  0.34  3.83  3.62
 63.48494   9.26382  4.89  0.84  4.40  3.93
 63.50048 -42.29437  3.86  1.09  3.23  2.62
 63.59870 -10.25628  4.90  1.17  4.22  3.57
 63.60618 -62.47386  3.34  0.91  2.81  2.31
 63.72216  40.48367  4.70  1.01  4.11  3.55
 63.72443  48.40933  4.15  0.93  3.61  3.09
 63.81800  -7.65287  4.42  0.82  3.94  3.48
 63.88357   8.89236  4.29 -0.07  4.31  4.32
 64.00661 -51.48665  4.26  0.32  4.06  3.87
 64.12096 -59.30215  4.44  1.08  3.82  3.22
 64.31525  20.57859  4.92  0.27  4.75  4.58
 64.47359 -33.79835  3.56 -0.10  3.60  3.62
 64.56091  50.29550  4.60  0.05  4.55  4.50
 64.94835  15.62764  3.65  0.98  3.08  2.53
 65.08840  27.35075  4.95  1.15  4.29  3.65
 65.10266  34.56673  4.93  0.95  4.38  3.85
 65.38819  46.49888  4.82 -0.05  4.83  4.83
 65.73372  17.54251  3.76  0.99  3.19  2.64
 66.00924 -34.01685  3.96  1.48  3.11  2.30
 66.02400  17.44413  4.80  0.17  4.69  4.57
 66.34235  22.29387  4.21  0.15  4.11  4.00
 66.37243  17.92791  4.31  0.05  4.26  4.20
 66.57693  22.81358  4.29  0.27  4.12  3.95
 66.58642  15.61827  4.49  0.26  4.33  4.16
 66.65155  14.71378  4.69  0.97  4.13  3.58
 67.10988  16.35967  4.97  1.14  4.31  3.68
 67.14373  15.96218  3.84  0.95  3.29  2.76
 67.15417  19.18043  3.54  1.01  2.95  2.39
 67.16559  15.87088  3.41  0.20  3.28  3.15
 67.64014  16.19401  4.77  0.19  4.64  4.52
 67.96944  -0.04401  4.90  1.34  4.13  3.40
 68.37730 -29.76649  4.51  0.97  3.94  3.40
 68.46216  14.84442  4.65  0.25  4.49  4.33
 68.49908 -55.04498  3.26 -0.08  3.29  3.30
 68.88766 -30.56234  3.81  0.96  3.25  2.72
 68.91359  10.16078  4.25  0.18  4.13  4.01
 68.98016  16.50930  0.99  1.48  0.14  6.31
 69.07976  -3.35246  3.93 -0.19  4.02  4.09
 69.17262  41.26481  4.25  1.17  3.57  2.93
 69.53943  12.51084  4.27  0.13  4.18  4.08
 69.54510 -14.30402  3.87  1.10  3.23  2.63
 69.81876  15.91798  4.67  0.17  4.56  4.44
 70.11047 -19.67149  4.34  1.56  3.45  2.60
 70.14047 -41.86375  4.45  0.33  4.24  4.04
 70.56126  22.95693  4.27 -0.12  4.32  4.35
 71.37563  -3.25466  4.02 -0.13  4.08  4.12
 72.46004   6.96128  3.19  0.47  2.90  2.63
 72.47766  37.48827  4.87  1.45  4.04  3.24
 72.65301   8.90018  4.36  0.02  4.33  4.29
 72.80151   5.60510  3.68 -0.16  3.75  3.81
 73.13318  14.25064  4.74  1.75  3.74  2.78
 73.15825  36.70319  4.78  1.40  3.97  3.21
 73.22363  -5.45269  4.38  0.26  4.21  4.05
 73.51255  66.34267  4.31 -0.01  4.30  4.28
 73.56290   2.44067  3.71 -0.17  3.79  3.85
 73.72387  10.15083  4.66  0.08  4.60  4.53
 74.09281  13.51447  4.08  1.16  3.41  2.77
 74.24841  33.16609  2.68  1.52  1.81  0.98
 74.32166  53.75210  4.46 -0.01  4.45  4.42
 74.63709   1.71402  4.46  1.39  3.66  2.90
 74.81421  37.89024  4.99  0.02  4.96  4.92
 74.98224 -12.53742  4.78  0.27  4.61  4.44
 75.35658 -20.05192  4.90 -0.05  4.91  4.90
 75.35977  -7.17397  4.79 -0.17  4.86  4.93
 75.49223  43.82331  3.03  0.53  2.71  2.41
 75.61953  41.07584  3.76  1.15  3.09  2.46
 75.77395  21.58996  4.62  0.17  4.51  4.39
 75.85455  60.44225  4.03  0.89  3.51  3.02
 76.10168 -35.48298  4.57  1.21  3.87  3.20
 76.14229  15.40411  4.67 -0.05  4.68  4.68
 76.36526 -22.37103  3.18  1.47  2.33  1.53
 76.37773 -57.47270  4.71  0.51  4.40  4.10
 76.62872  41.23447  3.17 -0.15  3.24  3.29
 76.66930  51.59772  4.98  0.33  4.78  4.58
 76.86253  18.64505  4.92  0.65  4.54  4.17
 76.96244  -5.08645  2.79  0.15  2.69  2.58
 77.28660  -8.75408  4.26 -0.19  4.35  4.42
 77.42481  15.59723  4.82  0.32  4.62  4.43
 78.07459 -11.86922  4.47 -0.09  4.50  4.53
 78.23292 -16.20547  3.29 -0.09  3.32  3.35
 78.30782 -12.94129  4.43 -0.10  4.47  4.49
 78.32284   2.86127  4.48  1.22  3.78  3.11
 78.35715  38.48450  4.83  0.20  4.70  4.56
 78.43939 -67.18526  4.80  1.29  4.05  3.34
 78.63447  -8.20164  0.28  0.02  0.25  0.21
 78.85164  32.68760  4.99  0.21  4.85  4.71
 79.17233  45.99799  0.08  0.80  7.90  7.69
 79.37121 -34.89521  4.82  0.99  4.25  3.70
 79.40163  -6.84441  3.60 -0.11  3.64  3.67
 79.54404  33.37161  4.54  1.26  3.81  3.12
 79.78531  40.09905  4.69  0.63  4.32  3.96
 79.81918  22.09649  4.95  0.94  4.40  3.88
 79.89385 -13.17679  4.28 -0.24  4.39  4.49
 80.11216 -21.23976  4.74 -0.05  4.75  4.75
 80.44061  -0.38247  4.72 -0.16  4.79  4.85
 80.70834   3.54445  4.98 -0.16  5.05  5.11
 80.98679  -7.80806  4.14  0.95  3.58  3.05
 81.10609  17.38353  5.00  0.53  4.68  4.37
 81.11924  -2.39715  3.39 -0.17  3.47  3.53
 81.16309  37.38535  4.99  1.44  4.16  3.37
 81.18678   1.84644  4.89 -0.18  4.97  5.04
 81.28276   6.34970  1.66 -0.14  1.72  1.77
 81.57298  28.60745  1.68 -0.06  1.69  1.70
 81.70928   3.09567  4.61 -0.21  4.71  4.79
 81.90869  21.93697  4.88 -0.14  4.94  4.99
 82.06135 -20.75944  2.84  0.82  2.36  1.90
 82.43326  -1.09224  4.70  1.57  3.80  2.94
 82.69605   5.94814  4.23 -0.13  4.29  4.33
 82.80315 -35.47052  3.87  1.14  3.21  2.58
 82.98275  -7.30154  4.61 -0.25  4.73  4.84
 83.00166  -0.29908  2.23 -0.17  2.30  2.37
 83.05313  18.59423  4.36  2.03  3.20  2.09
 83.18197  32.19202  4.74  0.27  4.57  4.40
 83.18256 -17.82229  2.59  0.24  2.44  2.28
 83.40633 -62.48983  3.76  0.81  3.29  2.83
 83.70515   9.48958  4.41 -0.17  4.49  4.55
 83.76117  -6.00203  4.76 -0.23  4.87  4.97
 83.78448   9.93416  3.39 -0.16  3.46  3.52
 83.84652  -4.83836  4.60 -0.19  4.69  4.76
 83.85826  -5.90990  2.78 -0.21  2.88  2.96
 84.05339  -1.20192  1.72 -0.12  1.77  1.81
 84.22662   9.29067  4.09  0.95  3.54  3.01
 84.41119  21.14255  3.00 -0.15  3.07  3.12
 84.68653  -2.60007  3.80 -0.24  3.92  4.02
 84.72118  -7.21283  4.79  0.14  4.69  4.59
 84.79644   4.12147  4.54 -0.12  4.59  4.62
 84.91225 -34.07411  2.66 -0.09  2.69  2.71
 85.18970  -1.94257  1.74 -0.20  1.83  1.91
 85.18988  -1.94322  4.21  0.00  4.19  4.16
 85.21131  -1.12879  4.94 -0.20  5.03  5.11
 85.32383  16.53415  4.84 -0.13  4.89  4.93
 85.61930   1.47463  4.90  1.16  4.23  3.59
 86.11579 -22.44838  3.60  0.50  3.30  3.01
 86.19324 -65.73553  4.34  0.22  4.20  4.05
 86.73892 -14.82195  3.55  0.11  3.47  3.38
 86.82120 -51.06651  3.86  0.18  3.74  3.62
 86.93912  -9.66960  2.06 -0.12  2.11  2.14
 87.25403  24.56754  4.89  1.01  4.30  3.74
 87.29350  39.18107  4.52  0.95  3.97  3.44
 87.38721  12.65132  4.88 -0.06  4.89  4.90
 87.45692 -56.16666  4.50  1.09  3.87  3.27
 87.73997 -35.76831  3.11  1.17  2.43  1.79
 87.76015  37.30557  4.73  1.61  3.81  2.93
 87.83040 -20.87909  3.78  0.98  3.21  2.67
 87.87250  39.14848  3.97  1.13  3.32  2.70
 88.11016   1.85513  4.75  1.38  3.95  3.20
 88.27867 -33.80136  4.87 -0.14  4.93  4.97
 88.33186  27.61226  4.56 -0.01  4.55  4.52
 88.52523 -63.08963  4.65  1.04  4.05  3.47
 88.59576  20.27617  4.40  0.60  4.05  3.70
 88.71159  55.70695  4.97  0.05  4.92  4.87
 88.79294   7.40706  0.57  1.74  7.08  6.45
 88.87466 -37.12067  4.96  1.10  4.33  3.72
 89.10122 -14.16770  3.72  0.33  3.51  3.31
 89.38421 -35.28328  4.36 -0.16  4.43  4.49
 89.49857  25.95391  4.83 -0.09  4.86  4.88
 89.78669 -42.81514  3.94  1.14  3.28  2.65
 89.88182  54.28466  3.73  1.01  3.14  2.58
 89.88218  44.94743  1.90  0.07  1.84  1.78
 89.93029  37.21259  2.65 -0.08  2.68  2.69
 89.98375  45.93674  4.33  1.64  3.39  2.50
 90.01395  -3.07425  4.53  1.21  3.83  3.16
 90.46009 -10.59793  5.00 -0.12  5.05  5.08
 90.59583   9.64728  4.13  0.18  4.01  3.89
 90.97993  20.13845  4.64  0.23  4.49  4.35
 91.03004  23.26333  4.18  0.83  3.69  3.23
 91.24637 -16.48443  4.97  0.19  4.85  4.72
 91.53885 -14.93525  4.67  0.04  4.63  4.58
 91.88181 -37.25292  5.00 -0.10  5.04  5.06
 91.89302  14.76847  4.42 -0.16  4.49  4.55
 92.57462 -54.96864  4.72 -0.23  4.83  4.92
 92.98499  14.20877  4.46 -0.16  4.53  4.59
 93.01366  16.13041  4.96 -0.14  5.02  5.07
 93.71389  -6.27478  3.98  1.33  3.22  2.49
 93.71941  22.50680  3.30  1.56  2.40  1.55
 93.84454  29.49808  4.33  1.02  3.74  3.17
 94.13806 -35.14052  4.37  0.99  3.80  3.25
 94.71157  69.31979  4.77  0.02  4.74  4.70
 94.90578  59.01096  4.45  0.03  4.42  4.37
 94.99834  -2.94449  4.92  1.59  4.01  3.14
 95.07830 -30.06337  3.02 -0.16  3.09  3.15
 95.52845 -33.43640  3.85  0.86  3.35  2.86
 95.67494 -17.95592  1.96 -0.16  2.03  2.09
 95.74011  22.51359  2.90  1.59  1.99  1.12
 95.94202   4.59286  4.41  0.19  4.28  4.15
 96.22459  49.28789  4.95  1.93  3.85  2.80
 97.04253 -32.58007  4.47 -0.16  4.54  4.59
 97.20446  -7.03306  4.64 -0.12  4.69  4.72
 97.24078  20.21213  4.14 -0.12  4.19  4.22
 97.96403 -23.41842  4.33 -0.22  4.44  4.53
 98.22594   7.33296  4.51  0.00  4.49  4.47
 98.74408 -52.97561  4.38 -0.02  4.37  4.36
 98.76411 -22.96479  4.53 -0.02  4.52  4.51
 99.17099 -19.25588  3.95  1.06  3.34  2.75
 99.42792  16.39925  2.02  0.00  2.00  1.97
 99.44030 -43.19593  3.18 -0.10  3.22  3.24
 99.47259 -18.23748  4.43  1.15  3.76  3.13
 99.81966 -14.14576  4.82  1.49  3.97  3.15
 99.83261  42.48888  4.79  1.23  4.08  3.40
100.24442   9.89575  4.67 -0.23  4.78  4.87
100.98302  25.13112  3.01  1.40  2.20  1.43
100.99706  13.22802  4.49  1.16  3.82  3.17
101.32235  12.89559  3.34  0.46  3.06  2.80
101.55888  59.44167  4.87  0.08  4.81  4.74
101.83263   8.03725  4.77  1.39  3.97  3.20
101.96520   2.41216  4.47  1.11  3.82  3.21
102.04771 -61.94139  3.25  0.23  3.10  2.95
102.46024 -32.50848  3.53 -0.12  3.58  3.61
102.46381 -53.62245  4.41  0.91  3.88  3.38
102.48403 -50.61456  2.94  1.21  2.24  1.58
102.69144  41.78123  4.98  1.26  4.25  3.56
102.71813 -34.36732  4.99  1.38  4.19  3.44
103.19724  33.96125  3.61  0.12  3.53  3.44
103.38712 -20.22425  4.82 -0.21  4.92  5.00
103.53313 -24.18421  3.84  1.76  2.83  1.88
103.54749 -12.03863  4.07  1.43  3.25  2.46
103.66098  13.17783  4.70  0.30  4.51  4.32
103.90596 -20.13650  4.68  0.37  4.46  4.23
104.02769 -14.04343  4.97  1.19  4.28  3.63
104.03427 -17.05424  4.39 -0.08  4.41  4.43
104.06663 -48.72115  4.95  1.66  4.00  3.09
104.31919  58.42276  4.36  0.84  3.87  3.40
104.40461  45.09409  4.90  0.03  4.86  4.82
104.65645 -28.97208  1.53 -0.13  1.59  1.63
105.01682  76.97741  4.54  1.38  3.75  2.99
105.42978 -27.93483  3.47  1.73  2.48  1.54
105.72823  -4.23923  4.98 -0.19  5.07  5.15
105.75613 -23.83329  3.04 -0.09  3.07  3.09
105.93955 -15.63329  4.11 -0.11  4.15  4.19
105.97337 -49.58392  4.93  0.13  4.84  4.74
106.02721  20.57030  4.01  0.89  3.49  2.99
107.09785 -26.39320  1.84  0.70  1.43  1.03
107.18694 -70.49893  3.76  1.02  3.17  2.60
107.21278 -39.65565  4.83 -0.17  4.90  4.97
107.55701  -4.23711  4.92  1.01  4.34  3.78
107.78488  30.24516  4.39  1.27  3.66  2.96
107.91386  39.32055  4.89  1.46  4.05  3.25
107.96609  -0.49276  4.15  0.00  4.13  4.10
108.14011 -46.75930  4.50  0.32  4.30  4.10
108.30563 -45.18274  4.89 -0.01  4.88  4.85
108.38466 -44.63974  4.51  1.31  3.76  3.04
108.56339 -26.35252  4.45 -0.20  4.54  4.62
108.65892 -48.27193  4.75 -0.08  4.78  4.79
108.70273 -26.77267  4.04 -0.16  4.11  4.17
109.14581 -27.88118  4.67  1.55  3.78  2.93
109.15347 -23.31559  4.82  1.69  3.85  2.93
109.20760 -67.95715  3.97  0.77  3.52  3.08
109.28565 -37.09747  2.71  1.59  1.80  0.93
109.52325  16.54038  3.58  0.11  3.50  3.41
109.57664 -36.73396  4.71 -0.12  4.76  4.79
109.66824 -24.55870  4.92 -0.17  4.99  5.05
109.67700 -24.95436  4.40 -0.17  4.47  4.54
110.03074  21.98232  3.54  0.34  3.33  3.12
110.55637 -19.01660  4.97 -0.05  4.98  4.98
111.02376 -29.30310  2.46 -0.05  2.47  2.47
111.41207   9.27610  4.99  1.01  4.41  3.85
111.43165  27.79808  3.79  1.02  3.20  2.63
111.67855  49.21153  4.62  0.00  4.60  4.58
111.78768   8.28932  2.89 -0.08  2.91  2.93
112.04081   8.92553  4.33  1.41  3.52  2.74
112.27799  31.78455  4.18  0.32  3.98  3.78
112.30762 -43.30143  3.26  1.51  2.39  1.57
112.44910  12.00656  4.54  1.28  3.80  3.09
112.46422 -23.02429  4.86  0.22  4.72  4.57
112.67751 -30.96228  4.64  0.91  4.11  3.60
112.76860  82.41147  4.89  1.57  3.99  3.13
113.44984 -14.52389  4.96  1.35  4.19  3.45
113.51325 -22.29607  4.45  0.52  4.14  3.84
113.64943  31.88828  1.58  0.03  1.54  1.50
113.65042  31.88849  2.88  0.04  2.84  2.79
113.84539 -28.36932  4.65 -0.11  4.69  4.72
113.91551 -52.53384  4.93  1.39  4.13  3.36
113.98061  26.89574  4.07  1.53  3.19  2.35
114.34212 -34.96853  4.53 -0.08  4.56  4.57
114.57519 -25.36481  4.69 -0.10  4.73  4.75
114.70574 -26.80180  4.66 -0.11  4.70  4.73
114.70779 -26.80384  4.45 -0.17  4.53  4.59
114.79138  34.58435  4.89  0.43  4.63  4.38
114.82549   5.22499  0.40  0.43  0.14  6.94
114.86391 -38.30802  4.84 -0.17  4.92  4.98
115.09671 -15.26392  4.97  1.55  4.08  3.23
115.31180  -9.55113  3.94  1.03  3.34  2.77
115.45525 -72.60609  3.95  1.03  3.35  2.78
115.75173  58.71036  4.96  0.08  4.89  4.82
115.82803  28.88351  4.25  1.12  3.60  2.99
115.88494 -28.41088  4.61  1.63  3.68  2.79
115.95196 -28.95483  3.98  0.15  3.88  3.77
116.11189  24.39799  3.57  0.93  3.03  2.51
116.31374 -37.96858  3.62  1.69  2.65  1.73
116.32896  28.02620  1.22  0.97  0.66  0.12
116.53103  18.51004  4.87  1.45  4.04  3.25
117.02154 -25.93717  4.50 -0.09  4.53  4.56
117.08401 -47.07772  4.69  1.06  4.07  3.48
117.30956 -46.37321  4.11 -0.19  4.20  4.27
117.32356 -24.85979  3.33  1.23  2.62  1.95
118.05431 -40.57579  3.72  1.02  3.13  2.56
118.16103 -38.86281  4.49 -0.17  4.57  4.63
118.26514 -49.61304  4.62 -0.21  4.72  4.81
118.32566 -48.10294  4.25 -0.15  4.32  4.37
118.37423  26.76578  4.98  0.10  4.90  4.82
119.19464 -52.98236  3.46 -0.16  3.53  3.59
119.21474 -22.88012  4.20  0.71  3.78  3.38
119.41711 -30.33457  4.79  0.14  4.69  4.59
119.56016 -49.24491  4.47 -0.18  4.55  4.62
119.93397  -3.67958  4.94  1.20  4.25  3.59
119.96688 -18.39923  4.61  0.09  4.54  4.47
120.08320 -63.56746  4.81 -0.15  4.88  4.93
120.30556  -1.39261  4.68  1.48  3.83  3.02
120.56641   2.33457  4.39  1.26  3.66  2.97
120.87950  27.79433  4.94  1.14  4.28  3.65
120.89603 -40.00315  2.22 -0.20  2.32  2.40
121.88604 -24.30433  2.83  0.46  2.55  2.28
121.98247 -68.61707  4.40 -0.12  4.45  4.48
122.11436  51.50667  4.80  0.03  4.76  4.72
122.14854  -2.98379  4.36  0.97  3.80  3.26
122.25279 -61.30243  4.75  0.44  4.49  4.23
122.25682 -19.24501  4.40 -0.15  4.46  4.52
122.37218 -47.34528  4.27 -0.23  4.38  4.47
122.38313 -47.33659  1.79 -0.24  1.91  2.01
122.81794 -12.92700  4.72  0.94  4.17  3.65
122.83955 -39.61855  4.42  1.60  3.50  2.63
122.85789 -42.98728  4.76  0.16  4.65  4.54
123.33320 -15.78822  4.99  1.06  4.38  3.79
123.37299 -35.89952  4.78 -0.13  4.84  4.88
123.51217 -40.34789  4.43  1.16  3.76  3.12
124.12884   9.18554  3.52  1.48  2.67  1.86
124.63146 -76.91972  4.06  0.41  3.81  3.57
124.63880 -36.65929  4.45  0.23  4.30  4.16
125.16058 -77.48447  4.34  1.16  3.67  3.02
125.34595 -33.05437  4.82  1.45  3.99  3.20
125.62848 -59.50948  1.95  1.20  1.26  0.60
125.63206 -48.49038  4.83 -0.17  4.90  4.96
125.70879  43.18813  4.24  1.55  3.35  2.50
126.41514  -3.90642  3.89  0.00  3.87  3.84
126.43414 -66.13689  3.77  1.13  3.12  2.49
127.56612  60.71817  3.36  0.85  2.86  2.39
128.68166 -49.94420  4.98  1.33  4.21  3.48
128.83212 -58.00922  4.85  0.99  4.27  3.72
129.41096 -42.98908  4.14  0.11  4.06  3.98
129.41403   5.70378  4.14  0.02  4.11  4.07
129.68933   3.34144  4.45  1.22  3.75  3.08
129.92697 -29.56108  4.88  0.89  4.36  3.86
130.00613 -12.47537  4.97  1.41  4.16  3.39
130.02560 -35.30835  3.97  0.92  3.43  2.92
130.05341  64.32793  4.59  1.18  3.91  3.26
130.07327 -52.92189  3.60 -0.16  3.67  3.73
130.15428 -59.76100  4.33 -0.13  4.38  4.42
130.15654 -46.64874  3.81  0.66  3.42  3.04
130.30472 -47.31712  4.77  0.12  4.68  4.59
130.43057 -15.94338  4.87  1.06  4.26  3.67
130.60577 -53.11398  4.83 -0.16  4.90  4.96
130.80615   3.39866  4.29 -0.18  4.37  4.44
130.82144  21.46850  4.67  0.02  4.64  4.60
130.89807 -33.18639  3.69 -0.17  3.77  3.83
130.91823  -7.23373  4.64  0.82  4.16  3.70
131.09978 -42.64928  4.06  0.87  3.55  3.07
131.17125  18.15431  3.93  1.09  3.30  2.70
131.17595 -54.70882  1.94  0.09  1.87  1.80
131.50685 -46.04153  3.90  0.01  3.88  3.84
131.59390 -13.54772  4.32  0.89  3.80  3.30
131.67426  28.75990  4.02  0.99  3.45  2.90
131.67729 -56.76978  4.50 -0.17  4.58  4.64
131.69379   6.41881  3.40  0.69  2.99  2.60
132.10822   5.83781  4.35 -0.02  4.34  4.32
132.44849 -45.30788  4.95  0.03  4.91  4.87
132.63301 -27.70984  4.02  1.27  3.29  2.59
133.76178 -60.64461  3.84 -0.09  3.87  3.89
133.84845   5.94556  3.12  1.00  2.54  1.98
133.88155 -27.68187  4.88  0.13  4.79  4.69
134.08026 -52.72348  4.71 -0.12  4.76  4.79
134.24341 -59.22934  4.91 -0.17  4.99  5.05
134.62175  11.85770  4.26  0.15  4.16  4.05
134.80190  48.04183  3.14  0.21  3.00  2.86
135.02254 -41.25360  4.46  0.64  4.08  3.72
135.15988  41.78291  3.97  0.45  3.70  3.43
135.61165 -66.39608  4.00  0.16  3.89  3.78
135.63622  67.62962  4.77  1.51  3.90  3.07
135.90639  47.15652  3.58  0.00  3.56  3.53
136.03867 -47.09774  3.75  1.19  3.06  2.40
136.28673 -72.60271  4.47  0.61  4.11  3.76
136.40990 -70.53850  4.67 -0.15  4.73  4.78
136.49319   5.09232  4.99  1.23  4.28  3.61
136.63235  38.45222  4.56  1.03  3.96  3.39
136.99899 -43.43259  2.21  1.68  1.24  0.33
137.01201 -25.85854  4.61  1.56  3.71  2.86
137.21773  51.60465  4.46  0.31  4.27  4.08
137.59810  67.13402  4.82  0.50  4.52  4.23
137.72942  63.51363  4.64  0.38  4.41  4.18
137.74202 -58.96690  3.43 -0.17  3.51  3.57
137.81967 -62.31698  3.96 -0.17  4.04  4.10
138.29990 -69.71721  1.67  0.06  1.62  1.56
138.59108   2.31428  3.89 -0.05  3.90  3.90
138.90295 -38.56994  4.92  1.10  4.28  3.67
138.93784 -37.41314  4.63  0.46  4.35  4.08
139.04720  54.02186  4.82  0.20  4.69  4.55
139.05031 -57.54147  4.33  1.63  3.40  2.51
139.27252 -59.27523  2.25  0.20  2.12  1.98
139.71101  36.80260  3.82  0.07  3.76  3.70
139.94325 -11.97485  4.78  0.93  4.24  3.72
140.12091  -9.55569  4.81  0.93  4.27  3.75
140.23672 -62.40463  4.80  0.93  4.26  3.74
140.26375  34.39256  3.13  1.55  2.24  1.39
140.37329 -25.96544  4.71  1.65  3.77  2.87
140.52841 -55.01067  2.48 -0.14  2.54  2.59
140.80104 -28.83387  4.72  0.90  4.19  3.69
141.16357  26.18232  4.47  1.23  3.76  3.08
141.82669 -22.34378  4.73  1.15  4.06  3.43
141.89685  -8.65860  1.99  1.45  1.15  0.36
142.28708  -2.76896  4.92  0.00  4.90  4.87
142.31133 -35.95134  4.49  1.44  3.66  2.88
142.67500 -40.46677  3.59  0.36  3.37  3.15
142.80550 -57.03438  3.16  1.54  2.27  1.43
142.88211  63.06186  3.65  0.35  3.44  3.23
142.93011  22.96797  4.30  1.54  3.42  2.57
142.98640  11.29983  4.97  1.05  4.36  3.78
142.99553  -1.18466  4.55  0.11  4.47  4.39
143.21431  51.67730  3.18  0.48  2.89  2.61
143.30191 -21.11572  5.00  1.02  4.41  3.84
143.55576  36.39756  4.55  0.90  4.02  3.52
143.61104 -59.22975  4.10 -0.02  4.09  4.07
143.62025  69.83035  4.56  0.77  4.11  3.67
143.70598  52.05148  4.48  0.04  4.44  4.39
143.76596  39.62149  4.81  0.99  4.24  3.69
144.20642 -49.35503  4.34  0.18  4.22  4.10
144.27203  81.32639  4.26  1.49  3.41  2.59
144.61371   4.64929  4.67  1.33  3.90  3.17
144.83749 -61.32806  4.52 -0.06  4.53  4.54
144.96400  -1.14281  3.90  1.32  3.14  2.41
145.28764   9.89231  3.53  0.50  3.23  2.93
145.32086 -23.59151  4.77 -0.13  4.82  4.86
145.56007 -23.91557  4.92  0.54  4.60  4.29
146.05040 -27.76946  4.79  0.52  4.48  4.17
146.31171 -62.50790  3.69  1.28  2.95  2.25
146.46280  23.77425  2.97  0.81  2.50  2.04
146.77551 -65.07201  3.01  0.27  2.84  2.67
147.74733  59.03873  3.78  0.31  3.59  3.40
147.86955 -14.84660  4.11  0.93  3.57  3.05
147.91945 -46.54762  4.58  1.18  3.90  3.25
148.02655  54.06435  4.56  0.05  4.52  4.46
148.19090  26.00695  3.88  1.23  3.17  2.49
148.55133 -25.93234  4.87  1.23  4.16  3.48
148.71753 -19.00936  4.93  1.55  4.04  3.19
149.21559 -54.56779  3.54 -0.09  3.57  3.60
150.05336   8.04422  4.67  1.59  3.76  2.89
151.28113 -13.06463  4.60 -0.08  4.63  4.65
151.83313  16.76266  3.52 -0.03  3.52  3.51
151.85735  35.24469  4.49  0.19  4.36  4.24
151.97614   9.99751  4.37  1.45  3.54  2.75
151.98450  -0.37164  4.48 -0.03  4.48  4.46
152.09296  11.96721  1.41 -0.04  1.41  1.40
152.23433 -51.81126  4.86 -0.13  4.91  4.96
152.64699 -12.35408  3.61  1.01  3.02  2.46
153.43423 -70.03790  3.30 -0.07  3.32  3.33
153.68398 -42.12194  3.84  0.06  3.79  3.73
154.17258  23.41731  3.44  0.32  3.24  3.05
154.27074 -61.33231  3.37  1.54  2.49  1.65
154.27412  42.91436  3.44  0.05  3.40  3.34
154.90312 -55.02930  4.56  1.60  3.64  2.77
154.93404  19.47091  4.78  0.47  4.50  4.22
154.99315  19.84149  2.23  1.20  1.53  0.87
154.99425  19.84075  3.47  0.00  3.45  3.42
155.22832 -56.04322  4.50 -0.12  4.54  4.58
155.58160 -41.64996  4.82  1.12  4.17  3.56
155.58224  41.49952  3.05  1.57  2.15  1.29
155.67039  28.16534  0.00  0.00  8.00  8.02
155.74228 -66.90150  4.97 -0.12  5.02  5.06
156.03270  65.56642  4.94 -0.04  4.94  4.93
156.09877 -74.03161  3.99  0.36  3.77  3.55
156.47839  33.79612  4.73  0.26  4.56  4.40
156.52261 -16.83629  3.82  1.48  2.97  2.16
156.78792 -31.06778  4.27  1.45  3.44  2.65
156.85196 -57.63881  4.68  0.47  4.39  4.12
156.96971 -58.73940  3.83  0.31  3.64  3.45
156.97083  36.70721  4.21  0.91  3.68  3.18
157.58386 -71.99279  4.72  0.05  4.68  4.62
157.65659  55.98054  4.83  0.53  4.51  4.21
157.75858 -73.22149  4.93  1.68  3.97  3.05
157.84093 -53.71548  4.90  0.49  4.61  4.32
158.00610 -61.68533  3.37 -0.09  3.40  3.43
158.20280   9.30659  3.85 -0.15  3.92  3.97
158.30786  40.42556  4.73  0.21  4.59  4.45
158.77284  75.71294  4.85  0.95  4.30  3.76
158.86711 -78.60779  4.10  1.58  3.19  2.33
158.89708 -57.55764  4.44  1.61  3.52  2.64
159.30719 -27.41263  4.88  1.61  3.96  3.08
159.32559 -48.22562  3.84  0.31  3.65  3.46
159.38864 -13.38454  4.92  2.71  3.38  1.92
159.64563 -16.87657  4.91  0.91  4.38  3.87
159.68005  31.97624  4.68  0.82  4.20  3.74
159.68748 -59.18300  4.74  1.63  3.80  2.92
159.82664 -55.60327  4.28  1.02  3.69  3.12
160.55884 -64.46642  4.76 -0.13  4.82  4.86
160.73917 -64.39445  2.74 -0.20  2.83  2.91
160.76683  69.07622  4.99  1.40  4.18  3.41
160.88454 -60.56662  4.56  1.69  3.59  2.67
161.02881 -63.96107  4.80 -0.13  4.86  4.90
161.44585 -80.54018  4.45 -0.18  4.53  4.60
161.69241 -49.42025  2.72  0.93  2.18  1.66
161.71341 -64.38348  4.85 -0.14  4.91  4.96
162.40620 -16.19365  3.11  1.25  2.39  1.70
163.32794  34.21487  3.79  1.05  3.18  2.60
163.37357 -58.85317  3.79  0.93  3.25  2.73
163.49475  43.18996  4.67 -0.03  4.67  4.65
163.90332  24.74972  4.47  0.01  4.45  4.42
164.17938 -37.13776  4.60  1.01  4.01  3.45
164.94360 -18.29878  4.08  1.09  3.45  2.84
165.03860 -42.22586  4.38  0.12  4.30  4.21
165.14020   3.61749  4.85  1.16  4.18  3.54
165.18668   6.10145  5.00  0.16  4.89  4.78
165.45697  -2.48458  4.72  1.60  3.80  2.93
165.46033  56.38243  2.35  0.03  2.31  2.27
165.58240  20.17984  4.41  0.06  4.36  4.30
165.93195  61.75103  1.82  1.06  1.20  0.61
166.25429   7.33601  4.62  0.34  4.41  4.20
166.33295 -27.29361  4.93  0.38  4.70  4.47
166.63512 -62.42411  4.61  1.01  4.02  3.46
167.14746 -58.97504  3.92  1.22  3.21  2.54
167.41586  44.49849  3.00  1.15  2.33  1.70
167.91454 -22.82585  4.46  0.03  4.42  4.38
168.15005 -60.31762  4.62  0.50  4.32  4.03
168.52708  20.52372  2.56  0.15  2.46  2.35
168.56003  15.42957  3.33  0.01  3.30  3.27
168.80095  23.09550  4.57  1.56  3.67  2.82
169.16542  -3.65160  4.47  0.21  4.33  4.19
169.54558  31.52924  3.79  0.59  3.44  3.10
169.61974  33.09431  3.49  1.41  2.68  1.91
169.78291  38.18556  4.76  0.11  4.68  4.59
169.83521 -14.77854  3.57  1.11  2.92  2.31
170.25169 -54.49102  3.89 -0.14  3.95  4.00
170.28415   6.02932  4.05 -0.05  4.06  4.06
170.70660  43.48270  4.99  0.99  4.41  3.86
170.80284 -36.16477  5.00  1.46  4.16  3.36
170.98105  10.52951  3.96  0.42  3.70  3.46
171.15247 -10.85932  4.81  1.54  3.92  3.08
171.22052 -17.68401  4.08  0.20  3.95  3.81
171.98433   2.85627  4.94  1.00  4.36  3.80
172.57872  -3.00350  4.76  1.52  3.88  3.05
172.85092  69.33108  3.81  1.61  2.89  2.01
173.25049 -31.85763  3.54  0.94  2.99  2.46
173.69023 -54.26409  4.62 -0.07  4.64  4.65
173.94536 -63.01984  3.12 -0.04  3.12  3.12
174.17047  -9.80225  4.69 -0.06  4.70  4.71
174.23721  -0.82375  4.30  0.98  3.73  3.18
175.05328 -34.74466  4.70 -0.07  4.72  4.73
175.22348 -62.09010  4.94  1.10  4.30  3.69
176.19073 -18.35068  4.71  0.96  4.15  3.61
176.32100   8.25812  4.84  0.17  4.72  4.61
176.40175 -66.72876  3.63  0.17  3.51  3.40
176.46483   6.52938  4.03  1.50  3.17  2.35
176.51256  47.77941  3.70  1.19  3.01  2.35
176.62843 -61.17840  4.11  0.89  3.59  3.10
176.62947 -40.50035  4.89  0.66  4.50  4.12
176.99640  20.21893  4.53  0.56  4.20  3.88
177.06056 -66.81491  4.74  1.55  3.85  3.00
177.26491  14.57206  2.13  0.14  2.03  1.93
177.42110 -63.78848  4.32 -0.14  4.38  4.43
177.48589 -70.22579  4.97  1.36  4.19  3.44
177.67383   1.76472  3.60  0.56  3.27  2.94
177.78621 -45.17347  4.46  1.30  3.71  3.00
177.96344 -65.20591  4.94 -0.13  5.00  5.04
178.22717 -33.90812  4.29 -0.09  4.32  4.34
178.45770  53.69476  2.43  0.04  2.39  2.34
179.90656 -78.22184  4.91 -0.05  4.92  4.92
180.21829   6.61432  4.66  0.12  4.57  4.48
180.75626 -63.31293  4.33  0.27  4.16  3.99
181.08006 -63.16571  4.73 -0.10  4.76  4.79
181.30225   8.73299  4.12  0.98  3.55  3.01
181.72041 -64.61373  4.14  0.35  3.93  3.71
182.02177 -50.66128  4.46 -0.16  4.53  4.59
182.08958 -50.72243  2.58 -0.13  2.63  2.68
182.10341 -24.72888  4.04  0.33  3.84  3.64
182.53117 -22.61977  3.01  1.34  2.24  1.50
182.91296 -52.36846  3.96 -0.15  4.02  4.07
183.78632 -58.74893  2.79 -0.19  2.88  2.96
183.85651  57.03262  3.30  0.09  3.23  3.15
183.95154 -17.54193  2.59 -0.07  2.61  2.62
184.08557  23.94541  4.93  0.95  4.38  3.85
184.12556  33.06153  4.99  1.15  4.33  3.69
184.39282 -67.96074  4.06  1.60  3.14  2.27
184.58676 -79.31224  4.25 -0.12  4.30  4.33
184.60938 -64.00307  4.05 -0.16  4.12  4.18
184.97649  -0.66680  3.89  0.04  3.85  3.80
185.08742   3.31257  4.97  1.17  4.29  3.65
185.17928  17.79287  4.73  0.99  4.15  3.60
185.34004 -60.40115  3.59  1.39  2.79  2.02
185.62630  25.84616  4.80  0.50  4.50  4.21
186.00623  51.56226  4.76  0.88  4.24  3.75
186.60027  27.26824  4.92  0.28  4.74  4.57
186.62866 -63.12220  4.80 -0.13  4.85  4.89
186.63232 -51.45063  4.82 -0.14  4.88  4.93
186.64957 -63.09909  1.28 -0.17  1.36  1.42
186.65184 -63.09952  1.58 -0.16  1.65  1.71
186.73447  28.26842  4.34  1.13  3.68  3.06
186.74707  26.82570  4.96  0.10  4.89  4.81
187.00992 -50.23064  3.91 -0.18  3.99  4.06
187.46606 -16.51543  2.97 -0.01  2.96  2.94
187.79150 -57.11321  1.65  1.52  0.78  7.40
188.01761 -16.19601  4.31  0.38  4.08  3.85
188.11673 -72.13299  3.84 -0.14  3.90  3.95
188.37061  69.78824  3.89 -0.12  3.94  3.97
188.43561  41.35748  4.25  0.59  3.90  3.56
188.59682 -23.39676  2.66  0.89  2.14  1.64
188.68340  70.02177  4.95  1.29  4.20  3.49
188.71283  22.62926  4.79  0.00  4.77  4.74
188.78233  18.37706  4.99  1.13  4.33  3.71
189.29591 -69.13557  2.69 -0.18  2.77  2.84
189.42567 -48.54131  3.85  0.05  3.80  3.75
189.81152  -7.99556  4.65  1.24  3.93  3.25
189.96887 -39.98730  4.64 -0.08  4.67  4.68
190.37933 -48.95989  2.18  0.02  2.15  2.12
190.41467  -1.44943  3.50  0.00  3.48  3.45
190.41518  -1.44938  3.48  0.36  3.26  3.04
190.47107  10.23563  4.87  0.08  4.81  4.74
190.48570 -59.68582  4.92 -0.05  4.93  4.93
190.64772 -48.81311  4.66  1.09  4.03  3.42
191.40855 -60.98132  4.69  1.05  4.08  3.50
191.57002 -68.10812  3.08 -0.17  3.15  3.22
191.59465 -56.48882  4.62 -0.15  4.68  4.74
191.93027 -59.68876  1.31 -0.16  1.38  1.44
192.67152 -33.99930  4.91 -0.03  4.91  4.90
192.92467  27.54071  4.93  0.66  4.54  4.17
193.27878 -48.94331  4.32  1.37  3.53  2.78
193.32393  21.24494  4.92  0.92  4.39  3.87
193.35916 -40.17887  4.27  0.21  4.13  3.99
193.50729  55.95982  1.76  0.04  1.72  1.67
193.58818  -9.53899  4.79  1.54  3.90  3.06
193.64844 -57.17793  4.00 -0.17  4.07  4.14
193.66325 -59.14670  4.61 -0.14  4.67  4.72
193.90086   3.39747  3.42  1.50  2.56  1.74
194.00694  38.31838  2.89 -0.06  2.90  2.91
194.73100  17.40944  4.75  1.56  3.86  3.01
195.06862  30.78502  4.89  1.13  4.24  3.61
195.18208  56.36634  4.94  0.37  4.71  4.49
195.54416  10.95915  2.84  0.93  2.30  1.78
195.56776 -71.54886  3.61  1.19  2.92  2.27
195.88878 -49.52726  4.83  0.03  4.80  4.76
196.20995 -35.59085  0.00  0.00  8.13  7.97
196.56960 -48.46329  4.71 -0.13  4.77  4.81
196.72766 -49.90625  4.28 -0.19  4.37  4.44
196.79471  27.62474  4.78  1.48  3.93  3.12
197.26363 -23.11807  4.94  1.04  4.33  3.76
197.48746  -5.53901  4.39  0.00  4.37  4.35
197.49698  17.52943  4.32  0.45  4.05  3.78
197.96831  27.87818  4.25  0.59  3.90  3.56
198.01328 -37.80302  4.85  0.70  4.43  4.03
198.07332 -59.92058  4.59 -0.08  4.62  4.63
198.42892  40.15289  4.93  1.06  4.32  3.73
198.56310 -59.10324  4.91  0.48  4.62  4.34
198.81226 -67.89459  4.78 -0.08  4.81  4.82
199.30421 -66.78344  4.85  1.48  4.00  3.19
199.38559  40.57261  4.71  0.33  4.51  4.31
199.40118   5.46987  4.79  1.64  3.85  2.95
199.60132 -18.31120  4.74  0.71  4.32  3.92
199.73041 -23.17151  3.00  0.91  2.47  1.96
200.14925 -36.71230  2.76  0.06  2.71  2.64
200.65807 -60.98839  4.53 -0.14  4.59  4.64
200.98143  54.92536  2.22  0.05  2.17  2.12
200.98471  54.92182  3.86  0.16  3.75  3.64
201.00201 -64.53567  4.53  0.83  4.04  3.58
201.29825 -11.16132  1.06 -0.14  1.12  1.16
201.30641  54.98796  4.00  0.18  3.88  3.75
201.86319 -15.97358  4.75  1.09  4.12  3.51
202.10754  13.77879  4.97  0.71  4.55  4.15
202.76103 -39.40730  3.90  1.18  3.22  2.57
202.99118  -6.25582  4.70  1.60  3.78  2.91
203.53305   3.65897  4.92  0.05  4.87  4.82
203.61359  49.01597  4.67  0.14  4.57  4.47
203.67329  -0.59582  3.38  0.13  3.29  3.19
203.69920  37.18242  4.94  0.41  4.69  4.44
204.36511  36.29490  4.91  0.22  4.77  4.62
204.97191 -53.46639  2.28 -0.17  2.36  2.42
205.18448  54.68163  4.63  1.63  3.69  2.81
206.42186 -33.04372  4.23  0.38  4.00  3.77
206.66408 -51.43277  4.64  0.95  4.09  3.56
206.81560  17.45691  4.49  0.50  4.19  3.90
206.88516  49.31327  1.86 -0.10  1.90  1.93
207.36134 -34.45078  4.29  1.33  3.52  2.79
207.36934  15.79790  4.04  1.51  3.17  2.35
207.37616 -41.68771  3.40 -0.21  3.50  3.58
207.40411 -42.47373  3.47 -0.19  3.56  3.63
207.42847  21.26410  4.91  1.42  4.09  3.32
207.46785 -18.13417  4.96  1.05  4.35  3.77
207.85808  64.72327  4.61  1.54  3.72  2.88
207.94781  34.44424  4.75  1.62  3.82  2.94
207.95667 -32.99409  4.55 -0.14  4.61  4.66
208.30225 -31.92761  4.74 -0.14  4.80  4.84
208.67116  18.39772  2.68  0.61  2.32  1.97
208.88493 -47.28838  2.53 -0.18  2.61  2.68
209.41202 -63.68670  4.71  1.10  4.07  3.46
209.56778 -42.10075  3.82 -0.20  3.91  3.99
209.66978 -44.80359  3.86 -0.20  3.95  4.03
210.41164   1.54453  4.24  0.10  4.17  4.09
210.43123 -45.60342  4.34  0.61  3.98  3.63
210.95586 -60.37304  0.64 -0.15  0.71  0.76
211.09729  64.37585  3.65 -0.03  3.65  3.64
211.51154 -41.17963  4.36 -0.19  4.45  4.52
211.59291 -26.68236  3.26  1.12  2.61  2.00
211.67062 -36.36995  2.08  1.02  1.49  0.92
212.21219  77.54752  4.80  1.37  4.01  3.26
212.47839 -53.43895  4.74  0.94  4.19  3.67
212.59972  25.09168  4.82  0.54  4.50  4.19
212.71036 -16.30203  4.94  1.67  3.98  3.07
213.06586   2.40943  4.99 -0.10  5.03  5.05
213.22394 -10.27370  4.18  1.33  3.42  2.69
213.37086  51.78997  4.52  0.21  4.38  4.25
213.91530  19.18241  0.16  1.14  7.26  6.64
214.00363  -6.00055  4.08  0.52  3.77  3.47
214.04137  51.36723  4.75  0.23  4.60  4.46
214.09592  46.08831  4.18  0.09  4.11  4.04
214.49925  35.50951  4.81  1.05  4.20  3.62
214.55791 -81.00776  4.90  0.25  4.74  4.58
214.77747 -13.37109  4.52  0.14  4.43  4.33
214.85092 -46.05809  3.55 -0.17  3.62  3.69
214.93848  16.30695  4.84  1.24  4.13  3.44
215.08144 -56.38650  4.35  0.07  4.29  4.23
215.13930 -37.88530  4.05 -0.03  4.05  4.04
215.17743 -45.18706  4.78  0.30  4.59  4.40
215.65445 -58.45912  4.92  0.85  4.42  3.95
215.75932 -39.51182  4.42 -0.18  4.50  4.57
215.77406 -27.75402  4.79  1.32  4.03  3.31
216.29915  51.85074  4.05  0.51  3.75  3.45
216.53427 -45.22142  4.56 -0.15  4.63  4.68
216.54506 -45.37928  4.35  0.43  4.09  3.83
216.73015 -83.66788  4.31  1.31  3.56  2.84
216.88142  75.69599  4.24  1.43  3.42  2.63
217.04344 -29.49164  4.98 -0.08  5.00  5.02
217.05058  -2.22796  4.84  0.68  4.44  4.05
217.95746  30.37144  3.57  1.30  2.82  2.11
218.01947  38.30825  3.04  0.21  2.90  2.77
218.15440 -50.45716  4.43 -0.18  4.51  4.58
218.67007  29.74513  4.47  0.36  4.25  4.03
218.87677 -42.15783  2.34 -0.16  2.41  2.47
219.47177 -49.42583  4.05 -0.14  4.11  4.16
219.89616 -60.83715  1.35  0.90  0.83  0.32
220.18153  16.41832  4.86 -0.09  4.89  4.91
220.28711  13.72841  3.78  0.04  3.74  3.69
220.28729  13.72830  3.78  0.04  3.74  3.69
220.41145   8.16176  4.86  1.00  4.28  3.72
220.48232 -47.38820  2.29 -0.16  2.36  2.41
220.48996 -37.79350  4.00 -0.16  4.07  4.13
220.62675 -64.97514  3.18  0.27  3.01  2.84
220.76509  -5.65821  3.87  0.39  3.63  3.40
220.85568  26.52785  4.81  1.64  3.87  2.97
220.91434 -35.17366  4.05  1.36  3.27  2.52
221.24644  27.07498  4.66  0.16  4.55  4.44
221.24667 -35.19183  4.93  0.01  4.90  4.87
221.24673  27.07422  2.50  1.13  1.85  1.22
221.31026  16.96428  4.60  0.97  4.04  3.50
221.56218   1.89289  3.73  0.00  3.71  3.68
221.96545 -79.04475  3.81  1.43  2.99  2.20
222.57213 -27.96037  4.42  1.37  3.63  2.88
222.67636  74.15550  2.06  1.48  1.21  0.40
222.71964 -16.04178  2.75  0.17  2.64  2.52
222.75447  -2.29915  4.93  0.99  4.36  3.81
222.84741  19.10046  4.67  0.73  4.24  3.83
222.90962 -43.57536  4.33 -0.14  4.39  4.44
224.29584  -4.34646  4.47  0.32  4.27  4.07
224.39586  65.93246  4.69  1.45  3.86  3.07
224.63303 -43.13396  2.68 -0.19  2.76  2.84
224.79034 -42.10419  3.13 -0.18  3.21  3.28
225.24312  -8.51894  4.95 -0.01  4.94  4.91
225.48651  40.39056  3.48  0.95  2.93  2.40
225.52711  25.00814  4.79  1.50  3.93  3.11
225.72516   2.09130  4.40  1.04  3.79  3.21
225.94710  47.65406  4.83  0.65  4.45  4.08
226.01756 -25.28197  3.28  1.62  2.35  1.47
226.11142  26.94765  4.51  1.26  3.78  3.09
226.27953 -47.05125  3.91 -0.14  3.97  4.02
226.28015 -47.05106  4.82  0.00  4.80  4.77
226.82527  24.86920  4.93  0.44  4.67  4.41
227.21091 -45.27986  4.06 -0.16  4.13  4.19
227.98364 -48.73782  3.86 -0.03  3.86  3.85
228.05537 -19.79171  4.56 -0.08  4.59  4.60
228.07123 -52.09925  3.41  0.92  2.88  2.36
228.20662 -44.50041  4.82 -0.17  4.89  4.96
228.65550 -31.51912  4.92  0.37  4.69  4.47
228.87569  33.31483  3.47  0.95  2.91  2.38
229.25172  -9.38292  2.61 -0.07  2.63  2.64
229.37854 -58.80121  4.07  0.10  3.99  3.91
229.41205 -63.61047  4.85  1.26  4.12  3.43
229.45766 -30.14867  4.34  1.10  3.70  3.10
229.63309 -47.87510  4.28 -0.10  4.32  4.34
229.72743 -68.67954  2.88  0.03  2.85  2.81
230.18214  71.83401  3.03  0.06  2.98  2.92
230.34300 -40.64752  3.22 -0.20  3.31  3.39
230.45154 -36.26138  3.56  1.53  2.68  1.85
230.53447 -47.92779  4.99  0.50  4.69  4.39
230.67029 -44.68961  3.38 -0.17  3.46  3.52
230.78896 -36.85849  4.53 -0.14  4.59  4.64
230.80130  30.28781  5.00  0.57  4.65  4.32
230.80159  30.28799  5.00  0.57  4.65  4.32
230.84436 -59.32079  4.51  0.19  4.38  4.26
230.84444 -59.32055  4.51  0.19  4.38  4.26
231.04955 -10.32227  4.92  0.45  4.65  4.38
231.12262  37.37717  4.30  0.32  4.10  3.91
231.23239  58.96606  3.30  1.18  2.62  1.97
231.33424 -38.73362  4.61  0.01  4.59  4.55
231.95721  29.10570  3.66  0.31  3.47  3.28
232.85387  77.34935  4.99  1.55  4.10  3.26
232.94576  40.89933  5.00  0.10  4.93  4.85
233.23242  31.35913  4.16 -0.12  4.21  4.25
233.54459 -10.06453  4.61  1.02  4.02  3.45
233.67195  26.71469  2.22  0.03  2.19  2.14
233.70061  10.53887  4.12  0.26  3.96  3.79
233.78520 -41.16676  2.78 -0.19  2.86  2.94
233.88158 -14.78954  3.92  1.00  3.34  2.78
233.97186 -44.95839  4.55 -0.17  4.63  4.69
234.18010 -66.31704  4.11  1.16  3.44  2.79
234.25604 -28.13508  3.60  1.38  2.80  2.04
234.51335 -42.56735  4.34  1.41  3.53  2.76
234.66403 -29.77775  3.66 -0.16  3.73  3.79
234.84447  36.63581  5.00 -0.10  5.04  5.06
234.94157 -34.41193  4.66  0.98  4.09  3.55
235.07040 -23.81808  4.95  1.33  4.19  3.46
235.29741 -44.66121  4.65  0.41  4.40  4.16
235.38771  19.67040  4.51  0.06  4.46  4.40
235.48666 -19.67883  4.75  1.56  3.86  3.00
235.67091 -34.71041  4.73 -0.13  4.79  4.83
235.68568  26.29564  3.82  0.02  3.79  3.76
236.01466  77.79449  4.29  0.05  4.25  4.19
236.06697   6.42563  2.63  1.18  1.95  1.29
236.54691  15.42183  3.66  0.07  3.60  3.53
236.61089   7.35307  4.42  0.61  4.06  3.71
237.18491  18.14156  4.09  1.60  3.17  2.30
237.39853  26.06839  4.60  0.78  4.14  3.70
237.40503  -3.43021  3.55 -0.02  3.54  3.53
237.70403   4.47773  3.71  0.15  3.60  3.50
237.73975 -33.62717  3.96 -0.03  3.96  3.95
237.74477 -25.75130  4.65 -0.08  4.67  4.69
237.80804  35.65738  4.81  1.00  4.23  3.67
237.81628  20.97792  4.74  1.52  3.87  3.04
238.16893  42.45152  4.61  0.56  4.28  3.95
238.40300 -25.32714  4.67 -0.09  4.70  4.73
238.45641 -16.72929  4.13  1.02  3.54  2.97
238.78568 -63.43073  2.84  0.31  2.65  2.45
239.11327  15.66162  3.85  0.48  3.56  3.28
239.22115 -29.21407  3.88 -0.19  3.96  4.04
239.39688  26.87788  4.14  1.23  3.43  2.75
239.44768  54.74976  4.96  0.28  4.78  4.61
239.54736 -14.27936  4.95 -0.08  4.98  4.99
239.71297 -26.11411  2.89 -0.16  2.96  3.02
239.87611 -41.74443  4.99  0.98  4.42  3.87
240.03053 -38.39671  3.43 -0.21  3.53  3.61
240.08336 -22.62173  2.30 -0.09  2.33  2.35
240.36069  29.85106  4.98 -0.05  4.99  4.99
240.47227  58.56525  4.01  0.54  3.69  3.37
240.57372  22.80445  4.82  0.08  4.76  4.69
240.69957  46.03671  4.72 -0.09  4.75  4.77
240.80374 -49.22969  4.64  0.92  4.10  3.59
240.83592 -25.86524  4.97  1.23  4.26  3.58
240.85078 -38.60254  4.89 -0.13  4.95  4.99
240.88365 -57.77507  4.66  0.23  4.51  4.36
241.09224 -11.37305  4.16  0.45  3.89  3.62
241.35930 -19.80545  2.62 -0.07  2.64  2.65
241.36064 -19.80186  4.91 -0.02  4.90  4.89
241.62267 -45.17318  4.72  0.25  4.56  4.40
241.64810 -36.80229  4.22 -0.17  4.30  4.36
241.70177 -20.66919  3.95 -0.05  3.96  3.96
241.85136 -20.86876  4.32  0.83  3.83  3.37
242.01886  17.04698  5.00  0.93  4.46  3.94
242.19241  44.93491  4.24 -0.05  4.25  4.25
242.24292  36.49094  4.73  1.02  4.14  3.58
242.99890 -19.46071  4.13 -0.02  4.12  4.10
242.99995 -10.06425  4.94  0.10  4.86  4.78
243.07585 -27.92637  4.58 -0.15  4.65  4.70
243.36971 -54.63047  4.95  1.01  4.36  3.80
243.58641  -3.69432  2.73  1.58  1.82  0.96
243.85947 -63.68568  3.85  1.10  3.21  2.61
244.25389 -50.06812  4.98  0.77  4.53  4.10
244.37621  75.75533  4.96  0.38  4.73  4.50
244.57457 -28.61402  4.79  0.03  4.76  4.71
244.58037  -4.69251  3.24  0.97  2.68  2.14
244.93515  46.31337  3.90 -0.14  3.96  4.01
244.96010 -50.15551  4.01  1.09  3.38  2.77
245.08669 -78.69575  4.74  1.56  3.84  2.99
245.15909 -24.16932  4.59  0.74  4.15  3.73
245.29715 -25.59280  2.91  0.10  2.84  2.76
245.48006  19.15313  3.74  0.29  3.56  3.38
245.51813   1.02904  4.82  0.35  4.61  4.39
245.52426  30.89200  4.85  0.98  4.28  3.74
245.99786  61.51421  2.73  0.91  2.20  1.69
246.02577 -20.03733  4.49  1.02  3.90  3.33
246.35397  14.03327  4.58  0.01  4.55  4.52
246.39632 -23.44718  4.57  0.23  4.42  4.28
246.75598 -18.45625  4.26  0.21  4.12  3.98
246.79599 -47.55479  4.53 -0.08  4.55  4.57
246.95078  -8.37173  4.64  0.19  4.52  4.39
246.99590  68.76814  4.97 -0.05  4.98  4.97
247.11726 -70.08440  4.91  0.55  4.58  4.26
247.16061  41.88168  4.90  1.27  4.17  3.47
247.35191 -26.43200  1.07  1.84  0.01  7.44
247.55199 -25.11522  4.79 -0.13  4.84  4.88
247.55499  21.48961  2.78  0.94  2.23  1.71
247.72842   1.98392  3.90  0.05  3.85  3.80
247.78487 -16.61273  4.29  0.93  3.75  3.23
247.84555 -34.70436  4.24 -0.16  4.31  4.37
248.03416 -21.46639  4.44  0.14  4.34  4.24
248.15121  11.48804  4.84  1.49  3.98  3.17
248.36285 -78.89715  3.87  0.92  3.34  2.82
248.52092 -44.04531  4.92  0.04  4.88  4.83
248.52576  42.43704  4.21 -0.02  4.20  4.18
248.97064 -28.21602  2.83 -0.21  2.93  3.01
249.09363 -35.25533  4.17  1.56  3.27  2.42
249.28973 -10.56709  2.58  0.01  2.55  2.52
249.68686  48.92834  4.88  1.55  3.99  3.15
250.22966  64.58904  4.84  1.20  4.15  3.49
250.32150  31.60273  2.85  0.65  2.47  2.09
250.39326 -17.74217  4.92  1.08  4.30  3.70
250.72401  38.92225  3.48  0.92  2.95  2.43
250.76939 -77.51743  4.23  1.06  3.61  3.02
251.32423  56.78186  4.85  0.37  4.62  4.40
251.49268  82.03726  4.22  0.89  3.70  3.20
252.16623 -69.02772  1.91  1.45  1.08  0.29
252.30925  45.98332  4.82  0.09  4.75  4.67
252.44649 -59.04138  3.76  1.57  2.86  2.01
252.45845 -10.78300  4.64  0.49  4.35  4.06
252.54089 -34.29323  2.29  1.14  1.63  1.00
252.96764 -38.04738  3.00 -0.17  3.08  3.14
253.08394 -38.01754  3.56 -0.19  3.65  3.72
253.49886 -42.36203  4.77  0.44  4.50  4.24
253.50197  10.16536  4.37 -0.09  4.40  4.43
253.64586 -42.36131  3.61  1.39  2.81  2.05
254.00703  65.13480  4.88  0.49  4.58  4.30
254.41707   9.37503  3.19  1.16  2.52  1.88
254.65504 -55.99014  3.11  1.61  2.19  1.31
254.89603 -53.16044  4.05  1.45  3.22  2.42
255.07239  30.92640  3.91 -0.01  3.90  3.87
255.26501  -4.22264  4.81  1.48  3.96  3.15
255.78279  14.09195  4.98  1.58  4.08  3.22
256.20563 -34.12293  4.86  0.20  4.73  4.60
256.34454  12.74083  4.88  0.14  4.78  4.68
257.19666  65.71468  3.18 -0.11  3.22  3.25
257.59454 -15.72491  2.43  0.10  2.36  2.28
258.03830 -43.23919  3.32  0.43  3.06  2.81
258.66190  14.39033  3.37  1.28  2.63  1.93
258.75797  24.83920  3.13  0.09  3.06  2.98
258.76181  36.80916  3.14  1.43  2.32  1.53
258.83740 -26.60283  4.33  0.86  3.83  3.35
259.15286  -0.44530  4.74  1.16  4.07  3.43
259.33154  33.10010  4.81 -0.17  4.89  4.95
259.41772  37.29150  4.63  0.04  4.59  4.54
260.20691 -12.84688  4.34  0.04  4.30  4.25
260.25156 -21.11293  4.39  0.39  4.15  3.91
260.49783 -67.77067  4.76  1.22  4.06  3.39
260.50241 -24.99955  3.26 -0.19  3.35  3.42
260.92059  37.14595  4.51 -0.02  4.50  4.49
261.32495 -55.52988  2.82  1.48  1.97  1.16
261.34857 -56.37773  3.32 -0.14  3.38  3.43
261.59256 -24.17531  4.16  0.29  3.98  3.79
261.62866   4.14036  4.32  1.49  3.46  2.65
261.65784  -5.08660  4.54  0.39  4.30  4.07
261.83865 -29.86703  4.28  0.41  4.03  3.78
262.60818  52.30139  2.80  0.96  2.24  1.71
262.68463  26.11065  4.39  1.42  3.57  2.79
262.69098 -37.29581  2.68 -0.18  2.76  2.83
262.77463 -60.68385  3.60 -0.09  3.63  3.65
262.85397 -23.96264  4.80  0.01  4.77  4.74
262.96039 -49.87614  2.85 -0.11  2.89  2.93
263.04404  55.18424  4.89  0.25  4.73  4.57
263.05417  86.58646  4.35  0.03  4.31  4.27
263.06677  55.17296  4.86  0.30  4.67  4.49
263.40216 -37.10382  1.63 -0.14  1.69  1.74
263.73364  12.56003  2.09  0.19  1.96  1.84
263.91495 -46.50568  4.58 -0.02  4.57  4.56
264.13681 -38.63531  4.27  1.08  3.64  3.04
264.23788  68.75797  4.78  0.44  4.51  4.25
264.32971 -42.99783  1.86  0.44  1.59  1.33
264.39667 -15.39856  3.54  0.28  3.36  3.19
264.46130  -8.11877  4.62  0.09  4.55  4.47
264.86618  46.00633  3.81 -0.16  3.88  3.94
265.09927 -49.41559  4.76  0.41  4.51  4.27
265.35364 -12.87531  4.24  0.09  4.17  4.10
265.48483  72.14884  4.57  0.43  4.31  4.05
265.62198 -39.02998  2.39 -0.17  2.47  2.53
265.85748 -21.68319  4.87  0.47  4.59  4.32
265.86813   4.56730  2.77  1.19  2.08  1.43
266.43329 -64.72387  3.59  1.18  2.91  2.25
266.61469  27.72068  3.42  0.75  2.98  2.55
266.89011 -27.83079  4.56  0.72  4.14  3.73
266.89618 -40.12700  3.01  0.51  2.70  2.41
266.97318   2.70728  3.75  0.05  3.70  3.65
267.29364 -31.70320  4.81 -0.05  4.82  4.81
267.46451 -37.04330  3.19  1.19  2.50  1.84
267.54630 -40.09044  4.81  0.24  4.66  4.50
268.38220  56.87264  3.74  1.18  3.06  2.41
269.06326  37.25054  3.84  1.35  3.07  2.33
269.15155  51.48890  2.23  1.53  1.35  0.51
269.19760 -44.34225  4.86  1.20  4.17  3.51
269.44119  29.24788  3.70  0.93  3.16  2.64
269.44919 -41.71630  4.88  1.65  3.93  3.03
269.62561  30.18928  4.41  0.38  4.18  3.95
269.75662  -9.77363  3.32  1.00  2.74  2.18
269.94815 -23.81613  4.74 -0.03  4.74  4.72
270.01422  16.75092  4.67  1.24  3.95  3.27
270.06583   4.36862  4.79 -0.10  4.83  4.86
270.12088  -3.69027  4.63  0.39  4.39  4.15
270.16132   2.93157  3.98  0.00  3.96  3.94
270.37671  21.59578  4.89  0.12  4.81  4.72
270.43832   1.30508  4.44  0.03  4.40  4.36
270.77002  -8.18025  4.77  0.41  4.52  4.28
270.77051  -8.18035  4.77  0.41  4.52  4.28
271.25510 -29.58009  4.65  0.76  4.20  3.77
271.36368   2.50010  4.03  0.86  3.53  3.05
271.45203 -30.42409  3.63  0.00  3.61  3.58
271.50790  22.21888  4.99  1.64  4.05  3.16
271.65781 -50.09148  3.67 -0.10  3.71  3.74
271.82651   8.73387  4.64  0.96  4.08  3.55
271.83743   9.56385  3.72  0.15  5.61  4.76
271.88562  28.76249  3.84 -0.02  3.83  3.81
272.02075 -28.45709  4.56  0.92  4.02  3.51
272.14505 -63.66855  4.33  0.25  4.17  4.01
272.18954  20.81456  4.37 -0.17  4.45  4.51
272.80734 -45.95442  4.52  1.00  3.94  3.38
272.93054 -23.70123  4.96  1.06  4.35  3.76
272.97565  31.40535  4.98  1.60  4.06  3.19
273.44089 -21.05883  3.84  0.19  3.72  3.59
273.47430  64.39729  5.00  0.43  4.74  4.49
274.40680 -36.76168  3.13  1.53  2.25  1.42
274.51331 -27.04264  4.65  1.64  3.71  2.82
274.96545  36.06455  4.32  1.18  3.64  2.99
275.07465  21.96130  4.93  1.59  4.02  3.15
275.18930  71.33781  4.23 -0.07  4.25  4.26
275.21692   3.37717  4.85  0.91  4.32  3.81
275.24850 -29.82810  2.70  1.39  1.90  1.14
275.26410  72.73284  3.57  0.51  3.27  2.97
275.32751  -2.89882  3.25  0.94  2.70  2.18
275.80676 -61.49390  4.36  1.47  3.52  2.71
275.91495  -8.93438  4.67  0.95  4.11  3.58
275.92453  21.76975  3.85  1.17  3.17  2.52
276.04300 -34.38462  1.81  0.02  1.78  1.74
276.33768 -20.54168  4.86  1.34  4.09  3.35
276.49640  65.56348  4.83  1.18  4.15  3.50
276.74341 -45.96846  3.49 -0.16  3.56  3.62
276.99268 -25.42170  2.83  1.06  2.22  1.63
277.20773 -49.07059  4.11  1.01  3.52  2.96
277.29938 -14.56581  4.69  0.07  7.36  6.60
277.84344 -62.27830  4.62 -0.11  4.66  4.69
277.93930 -45.91481  4.93 -0.10  4.97  5.00
278.14383  57.04560  4.78  0.62  4.41  4.06
278.37576 -42.31251  4.62  1.00  4.04  3.48
278.80179  -8.24407  3.85  1.33  3.09  2.36
279.23474  38.78369  0.03  0.00  0.01  6.85
280.56845  -9.05255  4.71  0.36  4.49  4.27
280.75891 -71.42812  4.01  1.13  3.35  2.73
280.88022  -8.27522  4.90  1.11  4.26  3.64
281.08066 -35.64199  4.86 -0.17  4.94  5.00
281.19315  37.60511  4.34  0.21  4.20  4.07
281.36209 -64.87126  4.78  0.21  7.75  7.06
281.41412 -26.99078  3.17 -0.09  3.20  3.22
281.41553  20.54631  4.21  0.47  3.93  3.65
281.51868  26.66213  4.83  1.20  4.14  3.48
281.75531  18.18152  4.35  0.14  4.25  4.15
281.79364  -4.74787  4.23  1.07  3.61  3.02
282.51999  33.36267  3.52  0.00  3.50  3.47
282.80038  59.38835  4.64  1.16  3.97  3.32
283.05432 -62.18760  4.22 -0.15  4.28  4.34
283.30643  50.70822  4.91  0.89  4.39  3.89
283.54242 -22.74483  4.85  1.40  4.05  3.28
283.59940  71.29720  4.82  1.15  4.16  3.52
283.62619  36.89861  4.28  1.54  3.39  2.55
283.68701  22.64508  4.59  0.78  4.13  3.69
283.77975 -22.67133  5.00  1.36  4.21  3.47
283.81635 -26.29672  2.07 -0.14  2.13  2.17
283.83374  43.94609  4.19  1.37  3.40  2.65
284.05493   4.20360  4.61  0.17  4.50  4.38
284.06100   4.20213  4.96  0.21  4.82  4.68
284.23761 -67.23350  4.40  0.70  3.99  3.59
284.26529  -5.84631  4.82  1.08  4.19  3.59
284.43250 -21.10665  3.53  1.18  2.85  2.20
284.61569 -52.93863  4.85 -0.05  4.86  4.85
284.68073 -37.10736  4.83  0.39  4.59  4.36
284.73593  32.68956  3.25 -0.04  3.25  3.24
284.90567  15.06830  4.02  1.07  3.40  2.81
285.00345  32.14552  4.94  1.46  4.10  3.31
285.42010  -5.73911  4.02  1.10  3.38  2.77
285.65298 -29.88011  2.61  0.10  2.54  2.46
285.77866 -42.09510  4.74 -0.02  4.73  4.72
286.17075 -21.74150  3.77  1.02  3.18  2.61
286.35254  13.86348  2.99  0.03  2.96  2.91
286.56226  -4.88255  3.44 -0.08  3.47  3.48
286.60461 -37.06344  4.23  0.52  3.92  3.61
286.60504 -37.06354  4.99  0.52  4.68  4.38
286.73505 -27.67042  3.32  1.18  2.64  1.99
287.08737 -40.49670  4.58  1.09  3.95  3.34
287.36810 -37.90448  4.10  0.06  4.05  3.99
287.44098 -21.02361  2.90  0.38  2.67  2.44
287.50732 -39.34080  4.11  1.19  3.42  2.77
288.13876  67.66154  3.08  1.00  2.50  1.94
288.43954  39.14597  4.41 -0.15  4.48  4.53
288.47977  57.70510  5.00  1.15  4.33  3.69
288.88510 -25.25668  4.87  0.56  4.53  4.21
288.88773  73.35547  4.45  1.26  3.72  3.03
289.05432  21.39043  4.77 -0.07  4.79  4.80
289.09207  38.13373  4.34  1.25  3.62  2.93
289.27570  53.36846  3.80  0.95  3.25  2.72
289.40866 -18.95291  4.88  1.00  4.30  3.74
290.13712  -5.41577  4.99  0.93  4.45  3.93
290.16705  65.71453  4.59  0.05  4.55  4.49
290.41815 -17.84720  3.93  0.23  3.78  3.63
290.43176 -15.95502  4.58  0.06  4.53  4.46
290.65955 -44.45897  4.01 -0.10  4.05  4.07
290.80475 -44.79978  4.28  0.34  4.07  3.86
290.97156 -40.61594  3.96 -0.09  3.99  4.01
291.03159  29.62134  4.99 -0.12  5.04  5.08
291.37457   3.11478  3.37  0.32  3.17  2.97
291.62955   0.33857  4.68  0.56  4.35  4.02
292.17636  24.66491  4.44  1.49  3.59  2.77
292.42648  51.72978  3.77  0.16  3.66  3.55
292.68033  27.95968  3.08  1.09  2.45  1.85
292.94299  34.45297  4.74 -0.14  4.80  4.85
293.08997  69.66118  4.67  0.81  4.20  3.74
293.52231   7.37894  4.45  1.18  3.77  3.12
293.64542  19.77340  5.00 -0.09  5.03  5.06
293.80411 -48.09920  4.89  1.09  4.26  3.65
294.11057  50.22110  4.50  0.40  4.26  4.02
294.17682 -24.88362  4.61 -0.06  4.63  4.63
294.18033  -1.28660  4.36 -0.08  4.39  4.41
294.22272  -7.02748  4.97 -0.05  4.98  4.98
294.84418  30.15332  4.68  0.97  4.12  3.57
295.02414  18.01389  4.39  0.77  3.94  3.50
295.06424 -30.26154  0.00  0.00  7.13  6.25
295.26224  17.47604  4.38  1.04  3.78  3.20
296.06918  37.35435  4.89  0.94  4.34  3.82
296.24365  45.13081  2.91 -0.02  2.90  2.89
296.56491  10.61326  2.71  1.52  1.84  1.00
296.59058 -19.76111  4.88  1.06  4.27  3.68
296.60666  33.72760  5.00  0.48  4.71  4.43
296.84692  18.53428  3.83  1.31  3.07  2.35
297.04312  70.26793  3.84  0.89  3.32  2.83
297.69583   8.86832  0.93  0.27  0.76  0.59
297.76712  22.61005  4.91 -0.15  4.97  5.03
298.11819   1.00566  3.87  0.76  3.42  2.99
298.36539  24.07961  4.60 -0.05  4.61  4.61
298.56201   8.46145  4.72  1.05  4.11  3.53
298.81540 -41.86829  4.12  1.08  3.50  2.90
298.82831   6.40676  3.72  0.85  3.22  2.74
298.90744  52.43895  4.91  0.12  4.82  4.73
298.95984 -26.29951  4.70  0.75  4.26  3.84
298.96567  38.48671  4.95 -0.09  4.98  5.01
298.98074  58.84597  4.97  1.58  4.06  3.20
299.07654  35.08342  3.90  1.02  3.31  2.74
299.23679 -27.16990  4.53  1.45  3.69  2.90
299.68927  19.49215  3.51  1.56  2.62  1.77
299.73834 -26.19577  4.85  0.90  4.33  3.83
299.93408 -35.27631  4.37 -0.15  4.43  4.48
300.14813 -72.91051  3.95 -0.01  3.93  3.91
300.27521  27.75357  4.66  0.19  4.54  4.41
300.66449 -27.70984  4.49  1.55  3.60  2.76
300.70447  67.87357  4.51  1.33  3.74  3.01
300.88940 -37.94070  4.76  1.42  3.94  3.17
301.08163 -32.05630  4.99  1.21  4.29  3.63
301.84650 -52.88079  4.92  1.60  4.00  3.13
302.18170 -66.18207  3.55  0.75  3.11  2.68
302.22229  77.71142  4.40 -0.04  4.41  4.40
302.35675  36.83962  4.94 -0.14  5.00  5.05
302.82620  -0.82146  3.25 -0.05  3.26  3.26
303.32523  46.81567  4.83  0.10  4.76  4.68
303.34943  56.56772  4.28  0.12  4.19  4.10
303.40793  46.74133  3.81  1.19  3.12  2.47
303.56924  15.19761  4.95  0.07  4.89  4.83
303.63348  36.80630  4.95  0.15  4.85  4.74
303.81622  25.59196  4.77 -0.17  4.85  4.91
303.86801  47.71421  4.00  1.45  3.17  2.37
303.94223  27.81425  4.52  1.25  3.80  3.12
304.41196 -12.50821  4.24  1.05  3.63  3.05
304.44669  38.03293  4.79  0.37  4.56  4.34
304.51355 -12.54485  3.58  0.95  3.03  2.50
305.16589 -12.75908  4.76 -0.04  4.76  4.76
305.25281 -14.78137  3.09  0.76  2.64  2.21
305.55710  40.25668  2.23  0.69  1.82  1.43
305.96509  32.19017  4.43  1.34  3.66  2.93
306.41190 -56.73509  1.92 -0.12  1.97  2.00
307.21506 -17.81369  4.80  0.37  4.57  4.35
307.34891  30.36856  4.01  0.42  3.75  3.50
307.39536  62.99411  4.21  0.22  4.07  3.93
307.41251  -2.88553  4.91  1.16  4.24  3.60
307.51474  48.95157  4.95 -0.09  4.98  5.01
308.30322  11.30326  4.04 -0.12  4.09  4.12
308.47580  35.25085  4.65  1.49  3.80  2.98
308.82724  14.67421  4.66  0.11  4.58  4.50
308.89520 -60.58175  4.76  0.30  4.57  4.39
309.18179  -2.54996  4.89  1.60  3.97  3.10
309.38727  14.59509  3.63  0.46  3.35  3.09
309.39182 -47.29150  3.11  1.00  2.53  1.97
309.39713 -61.52992  4.86  0.45  4.59  4.33
309.58450  -1.10512  4.31  0.94  3.76  3.24
309.63058  21.20117  4.81 -0.03  4.81  4.80
309.90955  15.91208  3.78 -0.05  3.79  3.79
310.35797  45.28034  1.33  0.11  1.25  1.16
310.86472  15.07458  4.43  0.30  4.24  4.06
311.00974 -51.92097  4.52  0.28  4.34  4.17
311.21878  25.27062  4.92  1.17  4.24  3.59
311.23956 -66.20321  3.42  0.17  3.30  3.18
311.32239  61.83878  3.42  0.92  2.89  2.37
311.33804  57.57973  4.52  0.55  4.19  3.87
311.41565  30.71972  4.23  1.05  3.62  3.04
311.52390 -25.27090  4.15  0.43  3.89  3.63
311.55286  33.97026  2.49  1.04  1.89  1.31
311.66458  16.12430  4.26  1.04  3.66  3.08
311.79480  34.37412  4.93  1.29  4.18  3.47
311.85223  36.49072  4.57 -0.11  4.62  4.65
311.91898  -9.49578  3.77  0.01  3.74  3.71
311.93433  -5.02770  4.46  1.59  3.55  2.67
312.23456  46.11414  4.86  0.34  4.65  4.44
312.37067 -46.22683  4.89  1.52  4.02  3.19
312.49200 -33.77972  4.90  0.99  4.33  3.78
312.95538 -26.91913  4.11  1.63  3.18  2.29
313.03198  27.09698  4.57  0.83  4.08  3.62
313.16348  -8.98332  4.72  0.34  4.51  4.31
313.31146  44.38726  4.79 -0.13  4.85  4.89
313.64017  28.05762  5.00  1.49  4.15  3.33
313.70251 -58.45415  3.65  1.25  2.93  2.24
314.29343  41.16714  3.94  0.01  3.91  3.88
314.95648  47.52095  4.76 -0.09  4.79  4.81
315.32275 -32.25777  4.67  0.88  4.16  3.66
316.10126 -19.85499  4.85  0.17  4.73  4.62
316.23276  43.92785  3.71  1.62  2.78  1.90
316.48679 -17.23286  4.08  0.01  4.05  4.02
316.65039  47.64840  4.53  1.56  3.64  2.78
316.78195 -25.00585  4.52  1.59  3.61  2.73
317.39853 -11.37169  4.51  0.94  3.96  3.44
317.58542  10.13158  4.71  0.30  4.52  4.34
318.23410  30.22692  3.20  0.99  2.62  2.07
318.62006  10.00696  4.50  0.50  4.20  3.90
318.69788  38.04532  3.74  0.40  3.49  3.25
318.95596   5.24784  3.94  0.54  3.62  3.30
319.35397  39.39468  4.26  0.09  4.19  4.12
319.47949  34.89690  4.42 -0.11  4.46  4.49
319.48453 -32.17254  4.72  0.07  4.66  4.59
319.64487  62.58557  2.47  0.25  2.31  2.15
319.96661 -53.44943  4.50  0.17  4.39  4.27
320.19019 -40.80947  4.81  0.04  4.77  4.72
320.52167  19.80451  4.09  1.11  3.45  2.84
320.56165 -16.83454  4.29  0.89  3.77  3.27
321.61087 -65.36620  4.23  0.49  3.94  3.65
321.66678 -22.41133  3.75  1.00  3.17  2.62
322.16498  70.56071  3.23 -0.21  3.33  3.41
322.18085 -21.80718  4.51  0.89  3.99  3.49
322.48706  23.63884  4.52  1.58  3.61  2.75
322.88974  -5.57117  2.89  0.84  2.40  1.93
323.49521  45.59184  3.99  0.88  3.48  2.99
323.69403  38.53405  4.87  1.09  4.24  3.63
324.27014 -19.46601  4.52 -0.18  4.60  4.67
324.43796  -7.85420  4.69  0.18  4.57  4.45
324.48010  62.08194  4.79  0.24  4.64  4.49
325.02274 -16.66231  3.68  0.34  3.47  3.26
325.36935 -77.39005  3.74  1.00  3.16  2.60
325.48038  71.31142  4.54  1.12  3.89  3.28
325.52359  51.18962  4.68 -0.12  4.73  4.77
325.66461 -18.86632  4.73  0.88  4.22  3.72
325.87692  58.78004  4.02  2.23  2.75  1.54
326.03574  28.74263  4.77  0.45  4.50  4.23
326.04648   9.87501  2.39  1.53  1.51  0.68
326.12790  17.35002  4.34  1.14  3.68  3.05
326.16141  25.64503  4.15  0.43  3.89  3.63
326.23669 -33.02578  4.34 -0.04  4.34  4.33
326.36218  61.12081  4.31  0.47  4.02  3.75
326.69836  49.30957  4.25 -0.13  4.30  4.34
326.76019 -16.12729  2.85  0.18  2.73  2.61
328.48218 -37.36485  3.01 -0.09  3.04  3.06
329.47946 -54.99258  4.41  0.29  4.23  4.04
330.82852  -2.15536  4.75 -0.09  4.78  4.81
330.84024 -56.78598  4.72  1.05  4.11  3.53
330.94772  64.62797  4.40  0.35  4.18  3.97
331.41980   5.05853  4.85  1.45  4.02  3.22
331.44598  -0.31985  2.94  0.96  2.38  1.84
331.52869 -39.54335  4.46  1.38  3.67  2.91
331.60928 -13.86968  4.29 -0.07  4.31  4.32
331.75278  25.34511  3.77  0.44  3.50  3.24
332.05826 -46.96098  1.77 -0.07  1.79  1.80
332.09586 -32.98847  4.50  0.06  4.45  4.39
332.10806 -34.04384  4.97  1.50  4.11  3.29
332.45178  72.34121  4.80  0.91  4.27  3.76
332.49686  33.17822  4.29  0.48  4.00  3.72
332.53659 -32.54841  4.94  0.49  4.65  4.36
332.54993   6.19787  3.53  0.09  3.46  3.39
332.71365  58.20126  3.34  1.56  2.44  1.59
333.46970  39.71493  4.50  1.37  3.71  2.95
333.75912  57.04359  4.18  0.29  4.00  3.82
333.90384 -41.34670  4.81  0.79  4.35  3.90
333.99240  37.74874  4.12  1.44  3.29  2.51
334.20850  -7.78329  4.17  0.98  3.60  3.06
334.62540 -60.25959  2.86  1.39  2.06  1.29
335.25644  46.53657  4.56 -0.10  4.60  4.63
335.33057  28.33053  4.81 -0.03  4.81  4.79
335.37949  12.20519  4.82 -0.09  4.85  4.88
335.41406  -1.38733  3.85 -0.04  3.85  3.84
335.89011  52.22905  4.43  1.01  3.84  3.28
336.12912  49.47639  4.60  0.06  4.55  4.49
336.31927   1.37740  4.81 -0.17  4.89  4.95
336.83319 -64.96635  4.50 -0.02  4.49  4.47
336.96469   4.69566  4.80  1.04  4.20  3.62
337.20789  -0.02052  3.66  0.41  3.41  3.16
337.20798  -0.01997  4.10  0.46  3.82  3.55
337.29279  58.41520  4.07  0.76  3.62  3.19
337.31738 -43.49556  3.96  1.03  3.36  2.79
337.38260  47.70689  4.35  1.59  3.44  2.57
337.43930 -43.74922  4.15  1.53  3.27  2.44
337.62192  43.12337  4.53 -0.10  4.57  4.59
337.66174 -10.67795  4.83 -0.04  4.83  4.83
337.82291  50.28249  3.78  0.03  3.75  3.70
337.87637 -32.34607  4.29  0.02  4.26  4.22
338.25027 -61.98212  4.95  1.52  4.07  3.24
338.83908  -0.11750  4.04 -0.07  4.06  4.07
339.34341  51.54512  4.65  0.25  4.49  4.33
339.81534  39.05027  4.89 -0.21  4.99  5.07
340.12857  44.27631  4.50  1.31  3.75  3.03
340.16391 -27.04362  4.19 -0.10  4.23  4.25
340.36551  10.83136  3.42 -0.07  3.44  3.45
340.43921  29.30764  4.80 -0.01  4.78  4.76
340.66687 -46.88458  2.12  1.53  1.24  0.40
340.75058  30.22124  2.94  0.85  2.44  1.97
340.87491 -41.41434  4.84  1.01  4.25  3.69
340.89682 -18.83038  4.68  1.36  3.90  3.15
341.40784 -53.50012  4.85  1.16  4.18  3.53
341.51462 -81.38161  4.14  0.22  4.00  3.86
341.63284  23.56565  3.96  1.07  3.34  2.74
341.67325  12.17289  4.21  0.50  3.91  3.62
341.87109  83.15383  4.78  1.27  4.05  3.35
342.13873 -51.31686  3.49  0.09  3.42  3.34
342.39792 -13.59263  4.04  1.57  3.14  2.28
342.42007  66.20041  3.50  1.05  2.89  2.31
342.50079  24.60158  3.51  0.93  2.97  2.45
343.00848  43.31242  4.94  1.56  4.04  3.19
343.13141 -32.87550  4.51 -0.04  4.51  4.51
343.15366  -7.57960  3.75  1.60  2.83  1.96
343.60403  84.34618  4.69  1.43  3.87  3.08
343.66257 -15.82082  3.27  0.08  3.21  3.14
343.80698   8.81617  4.91  0.00  4.89  4.86
343.98709 -32.53963  4.22  0.96  3.66  3.12
344.10834  49.73354  4.98  1.77  3.97  3.01
344.41269 -29.62224  1.23  0.14  1.13  1.03
345.22006 -52.75414  4.12  0.97  3.56  3.02
345.48026  42.32597  3.64 -0.09  3.67  3.69
345.94357  28.08279  2.47  1.63  1.54  0.65
345.96924   3.82005  4.50 -0.11  4.55  4.58
346.04578  50.05209  4.65  1.06  4.04  3.45
346.19022  15.20526  2.49 -0.01  2.48  2.45
346.65341  59.41976  4.85 -0.06  4.87  4.87
346.67017 -23.74311  4.48  0.89  3.96  3.46
346.71970 -43.52036  4.33  0.44  4.06  3.80
346.75107   9.40949  4.54  1.54  3.65  2.81
346.77808  25.46826  4.76  1.28  4.02  3.31
346.97440  75.38750  4.42  0.79  3.96  3.51
347.36166 -21.17241  3.68  1.22  2.98  2.31
347.47876 -22.45762  4.72  0.64  4.34  3.97
347.58975 -45.24671  3.88  1.00  3.30  2.74
348.13751  49.40621  4.54  0.31  4.35  4.16
348.58066  -6.04900  4.23  1.55  3.34  2.50
348.97290  -9.08774  4.24  1.10  3.60  2.99
349.21225  -7.72650  5.00  1.61  4.07  3.20
349.29141   3.28229  3.70  0.92  3.17  2.65
349.35739 -58.23573  4.00  0.40  3.75  3.51
349.43604  49.01530  4.83  1.64  3.89  2.99
349.47589  -9.18251  4.41 -0.14  4.47  4.52
349.65622  68.11144  4.86  0.90  4.34  3.84
349.70599 -32.53203  4.41  1.13  3.76  3.14
350.15933  23.74034  4.59  0.18  4.47  4.35
350.74261 -20.10058  3.96  1.09  3.33  2.72
351.20941  62.28281  4.97  1.65  4.02  3.13
351.34494  23.40410  4.43  0.60  4.07  3.73
351.51160 -20.64201  4.37  1.47  3.53  2.72
351.73315   1.25561  4.93  0.05  4.89  4.83
351.99207   6.37899  4.28  1.07  3.66  3.07
352.28873  12.76055  4.54  0.93  4.00  3.48
352.50809  58.54892  4.89 -0.12  4.94  4.98
353.24274 -37.81827  4.38 -0.09  4.41  4.43
353.31927 -20.91451  4.71  0.02  4.68  4.64
353.48828  31.32528  4.98  1.38  4.19  3.43
353.76901 -42.61507  4.71  0.09  4.64  4.57
354.39102  46.45815  3.87  0.98  3.30  2.75
354.46246 -45.49235  4.74  0.09  4.67  4.60
354.53418  43.26807  4.29 -0.09  4.32  4.34
354.83688  77.63228  3.22  1.04  2.62  2.04
354.94611 -14.22218  4.98  0.25  4.82  4.66
354.98767   5.62629  4.14  0.51  3.83  3.54
355.10211  44.33393  4.15 -0.06  4.17  4.17
355.44086 -17.81653  4.82  0.80  4.35  3.90
355.51169   1.78004  4.50  0.20  4.37  4.23
355.68060 -14.54490  4.49 -0.04  4.49  4.48
355.99786  29.36145  4.94  0.93  4.40  3.88
356.50854  46.42027  4.98  1.08  4.35  3.75
356.76440  58.65199  4.88  1.12  4.23  3.61
357.23145 -28.13027  4.58  0.01  4.56  4.53
358.59598  57.49938  4.51  1.19  3.82  3.17
359.39615 -64.29823  5.00  0.05  4.95  4.89
359.43970  25.14140  4.66  1.53  3.78  2.94
359.66824  -3.55598  4.88  0.93  4.34  3.82
359.75226  55.75493  4.88 -0.07  4.90  4.91
359.82788   6.86332  4.03  0.41  3.78  3.53
359.97906 -65.57713  4.50 -0.08  4.52  4.54
